112.19325254066597
57.9787244960619
50.7901155325282
51.060057428316156
50.31865254265158
49.74148188051005
50.85951387449955
50.644661006885194
49.19223014641471
50.86985077446171
50.201181329985495
51.351652283868106
49.70479613983965
50.272942859260496
50.9291232093997
50.179253929837174
50.30276320717768
50.86437270527275
51.41768700701374
49.446731315030966
49.1353353696696
50.64272611517833
50.70874832877505
50.6665466650804
50.616663913830024
51.2810371725948
50.861451933362176
50.46920406637509
50.9163131985031
50.76452414312498
50.064607242983385
49.804947694606284
52.23344108276678
49.77449671928031
49.22763396101097
49.31028535655445
50.05412271486672
51.57363117299877
50.41167502477924
50.53204533111669
49.50008070576907
49.19091457210278
51.17801946217888
51.089419354798515
49.6938588334218
50.42465257599441
50.95327334114722
50.49751273710267
50.73567174169691
50.48604304880292
51.02060153664312
51.147334876323875
48.594244930726035
49.70669946664032
50.90441765792067
51.35377320435934
50.99065261041196
50.70963642375362
49.58214559402162
50.83820931886796
49.896782182682635
51.23956936350121
50.872587609055344
50.05245575561158
49.74592541702863
50.381043307737556
51.615502956396256
49.353031418440864
49.85914754883253
49.16000711087547
51.0849942438489
50.14222105949859
50.90978699176058
50.24427760985289
50.50942213976984
50.215506964488746
48.83986005044002
51.45101994603793
50.523158879827214
50.529613601176756
49.886643505373115
49.93627902283463
49.49696488063419
50.150212168452335
50.138274479642
50.41623860550963
48.363455799935664
50.03257497429545
49.9530732105775
51.31284017708169
50.36460008626059
49.6331906905218
51.267512407052166
49.56999147674332
51.80881949245491
51.32807423488039
49.420237306259814
50.164699851630985
50.068960306387375
50.417724058273514
50.1944768836954
49.10247985905648
48.77824285885029
50.490819860253445
51.415822179954226
49.290096990447026
49.91769533774799
49.61381415061646
50.730770142164666
49.6539470738652
51.605268340578945
50.67654184276507
50.61372884610362
51.068342837570746
50.638707191710814
50.911514990007404
50.23421958380522
48.77196168568857
50.58356545124843
48.621082592022645
49.39398536158422
50.73591285506526
50.179382849248896
52.06175067835944
49.640317253928906
50.562570738484546
49.24227607970575
50.83064985282592
50.674689978256474
50.75868126498634
49.08851921779086
50.832638032610646
51.818629521923036
50.12571601040002
51.108204942097274
49.85895594845847
50.66353320715948
50.62038334888919
50.58595722629264
49.691067904409714
49.91082675815805
49.121809520231025
51.38123569293671
49.1423020291658
50.989744465559234
50.669562447137515
51.585032963828866
49.40580695341307
49.574146561382925
50.82433225862703
50.436127534770634
48.78729006269618
49.81083337076229
51.33329316630491
49.5944365471772
50.455934747505566
50.04624682226256
50.792343458412745
50.30728657761995
49.93489501609856
51.03318734872319
50.804677333717535
50.31791555813639
50.1072644505455
49.23205232349306
49.88707880018695
49.09722276468652
51.333882072523
52.15194098976844
48.61550828067156
51.404831634969526
51.568238384376954
50.74765876694239
49.73416877257576
50.74822494493601
49.139117260629185
49.847350977393376
50.14739224088182
49.75591662873687
50.42300677492125
51.284372946531406
50.12715813789178
49.736184003567374
50.35026241227279
50.93211549096433
48.74269682778862
48.91551318258056
49.24687947343056
50.43340918316496
51.44554580546186
49.889268801331674
51.45140931557447
50.80085909818248
50.722670705537986
51.06969102105531
50.87671567383798
50.07976110819361
49.903194102905296
50.8448181269603
50.98568405163983
