-0.14447980264906227
-0.05112898349457967
-0.07775654317240029
-0.09018073827221522
-0.13064344102153422
0.06474030214879369
0.09814304151151823
-0.11070198244791238
-0.0886590285144265
-0.13497802420201246
-0.08508724377405764
-0.03800781039590281
-0.003365788367287866
-0.13502895059108966
0.14041318422522112
0.09152766372116032
-0.03562577386142926
-0.04823806405663076
0.0051470582531704095
0.0954879405658543
-0.03296275015369264
-0.13171694842309403
0.06083840057002477
-0.08021187289111714
0.0341575199445032
0.08802080133249461
-0.04674397349825763
-0.12498531608460872
-0.0281602486632907
0.11791174762394935
-0.13253887046597315
-0.053978333618393576
-0.026180484202341127
-0.04258648715900187
0.17480508300647618
0.07155163184914619
0.11792512346576124
-0.03100213947007135
0.0003867975234848846
-0.023339162085320084
0.09482591168088537
-0.1516713189821555
-0.045381092669753494
0.1390487025020078
-0.03770919084638317
0.028154928085790367
0.09904040533134267
-0.0055652979490972195
0.016055702597330523
-0.10903483615598762
-0.06101839489393507
0.02733936185228844
-0.07030517264769488
0.15459873701629462
-0.033494603809307924
0.09300508256728174
-0.05318883454108661
0.09882905482314096
-0.11861611842940768
0.04332663607466351
-0.0883250490221598
0.14248552381848623
-0.029045091966211304
-0.03220923744266819
-0.0948664414128575
-0.05579579643377194
-0.034152873841415014
0.0915850056939322
-0.0925941313092205
-0.0017992287667548854
-0.07474080955656764
-0.21634944867747624
-0.11184880376375443
0.10762517512247513
0.028134692393222693
-0.06398679303787538
-0.18384956083938275
-0.02768600354803378
0.1588476288506143
-0.002128784636357369
0.11014545263029693
0.04647780527197922
0.2180384812146465
0.16359338948229926
-0.007770275908908246
0.08808415443814038
0.009310913892155584
-0.0739723198580819
-0.042476542378247724
-0.03578443646907353
-0.14235790494002712
0.05380202333979413
0.0011217976045819452
0.14747672183264912
-0.14449156394285612
-0.09528559771791749
-0.06771878761909075
0.008243230235236376
0.019478272514165375
0.07014313882773926
-0.049593585640317885
0.008080418709640233
-0.07744861297217058
0.11419328664864745
-0.2017579222607762
0.05703482723107375
-0.0934759900925867
-0.060794460482541716
0.11169693280392055
-0.14276104374956008
-0.11878981542707454
0.08120703309667397
0.07951975473875011
-0.05049516798604196
-0.1729801390706282
0.050119597676702134
-0.13756892661746561
0.014237594049031257
0.21995851463171348
-0.1513719826003219
0.03986188874143387
0.1079719334056262
0.24895176705759445
-0.10989982482660868
0.11908295097420714
0.0517118406007311
-0.13271510254231467
0.1250443777182573
0.0564355566084827
0.03841929947241183
-0.11711847281727175
0.1263235329521672
-0.07317974565709377
0.07943206955392075
-0.05270633867918439
0.09527766699718031
-0.02066166573468079
0.022881844559378875
0.03269478663793194
-0.004798716081033916
0.04425569784927012
0.11806805894319489
-0.09447570764136737
-0.17494180873115384
0.004569549561872364
-0.005256991988560724
0.03530910670288626
-0.06228957662803797
0.11430758463396588
0.0363239172653936
0.11451887974763124
-0.028729870199727316
-0.29030083313577226
-0.18741375527675191
0.1646046657671756
-0.0715520710006161
-0.3344217402012553
0.1726721209914668
-0.10322128266155982
-0.03254280564363644
0.024649544155047876
0.02391609141839569
0.12940772826890679
-0.17360410879777055
0.16063781363738425
0.09088587233486398
-0.17932927072370855
0.09677689779645729
0.07417813384197491
-0.041280749114733235
-0.1362132402632685
0.012616617717267202
-0.1250751933240503
0.17533537805004512
-0.023584572626021837
-0.009502298013581755
0.030490836320673072
0.10330664399447916
0.049995823814530084
0.20848493337888005
0.24557126655257341
-0.05664945862328433
-0.08860895396165935
-0.04904332865544942
0.012877608772105819
-0.013507644900387295
0.13089424575871073
-0.045071986302856505
-0.10082297925063846
-0.07182468705773189
0.05803454458781769
-0.14483518002733906
-0.07527745179653948
-0.01896861842703651
-0.12735334382654062
-0.029998800437176114
0.056842385360453315
-0.08733696204548684
-0.133939131762686
-0.009033229409009464
0.11278934554268849
-0.11407894545532354
-0.09552322271931227
0.13257638375752503
-0.25753346280262135
-0.21915784700331953
0.15654910351200843
-0.1105413501188142
0.1532130063954687
0.27402083633809254
0.07642884641245577
-0.009180082985587229
-0.17500758437456382
-0.10033020456279411
-0.02696499258592248
0.09230394031431953
-0.035459644125835674
0.008352312357301507
0.13001173282383194
-0.08515856551704942
-0.07642762379121767
-0.037934109304021545
-0.15717132342800916
-0.18166572533610567
-0.12457161231851707
0.05723944026425893
-0.003898543879876137
-0.01182991538416397
-0.09158756366637788
0.09436408087476786
-0.017300127437415547
0.07356050722462219
-0.012253381392694208
0.04652903334643079
-0.0260698445391621
-0.013678846013461018
-0.08067968616236124
0.17587474383274243
0.05072126363922961
0.08187672699455763
0.05370706310728214
-0.08695954292192112
0.004028641820455144
-0.3181950480662018
-0.056996139875557766
0.038187847909301034
0.028237229929758058
0.06137833033392479
0.10447900707393502
0.12594785579567572
-0.20419521036167526
0.07185887361508568
-0.07253697440691
-0.02728373385226012
0.2065488989450443
0.2360834210507789
-0.09876553721578381
0.08367254152333997
0.008165499209742383
-0.10468720126946374
0.11973996581202093
0.0004991780350613558
0.003441254261939417
-0.10298660913453275
0.11164761505052613
0.13370705658682716
-0.13809216658291185
-0.08752078851386644
0.007119255345739808
0.1489427849437182
-0.10092518093449417
-0.1255449590596047
-0.12493023416673471
-0.06652383530195867
0.02692010254437532
0.1034211147490604
-0.15008900389391544
-0.09523603739875566
-0.014040232885360809
-0.028237094184249585
-0.0336130982630309
-0.03458175830640107
0.032043804913478975
-0.19197895135480122
-0.05176282940555301
-0.14335746188585438
0.12674763860545601
0.1476965262655362
-0.13638231984806462
0.08061778736131198
0.09118180151941294
0.09365881647998169
0.14451254722544793
-0.0494332036570991
0.21883650358772427
-0.2115276372134292
-0.12128168242564519
-0.0995477914543573
-0.05340254846729869
0.020367363221123837
0.032463796641475307
-0.14694248159728499
-0.11990544752236076
0.017333108737081875
-0.006266645391654918
0.028011983894657314
0.21140585021356992
-0.21818606938309854
-0.10057289858187608
-0.024175435826230426
-0.13509669315681244
0.050188558119184594
0.10447149534361926
-0.08246403806248795
0.0102610385697708
-0.06976375976259452
0.14602319730767105
0.02566746262007836
0.05856901254046833
-0.09224511388742303
0.12199384068017853
0.04977934882238888
0.1538158815530991
0.17891360277281035
0.026174104200209828
0.07281692028672124
0.1716754283324808
0.13683846599687086
0.023616852839753042
-0.3354162760987257
0.04900300239588342
0.06155256591755566
0.24633578126752068
0.22156072265391472
0.09232899444514706
0.19128461655690301
0.1610638951701398
-0.1568112346012684
-0.3414726812770772
-0.06682156985231878
0.42165772095394316
-0.057014852347626224
-0.08302606502090655
0.049921187999008285
0.21052215612502828
-0.14027366791012133
-0.00859200541753499
-0.02823411514600706
-0.19807280556868062
-0.000980431169276809
-0.040214806384587694
0.4573276839896457
-0.3433037968854883
-0.032649042883303614
-0.0239714334888922
0.19388396265038232
-0.20045702090227008
0.0008473632926148487
0.19274181518421607
0.26174215586315125
0.5330582423769292
0.049663221316873084
0.0383769391328256
-0.01149024032105967
0.06337825265326703
0.188418254225715
0.21293328346758075
-0.10667138830455236
-0.331190108935784
-0.06931333722172205
-0.054464363772488665
-0.16132688258028224
0.405275542949373
-0.040853891437484816
-0.14090914548537326
0.10645204413407505
-0.42278737876015215
0.16381121724644218
0.05962905827891439
-0.24577809193192474
0.41852225455743775
-0.24970655589201077
-0.062438539657584904
0.233178157555267
-0.046364392028216364
-0.25466761361926227
0.05461826864730249
0.039724836363216165
-0.09190148202947918
0.16252574117722032
0.13574909197322121
0.0480920664772333
-0.03100570498170767
-3.828677311732986e-05
-0.13641634527279267
0.03658416939837464
0.0063008611458868664
-0.12785309825956845
0.15154241949406907
0.1212989224641712
-0.3017695750338597
-0.15146024668824487
0.2953507223488003
0.27174777311419285
-0.28233459453738935
-0.04634953415757324
0.10609848866298885
0.16980607396109137
0.07515052966629222
0.3121858736145592
-0.028431762292692227
0.20943345534993008
0.08769556556331891
0.18713318949854368
-0.17809516762122143
0.14967515224265435
-0.14861722796152613
0.40603096030200014
-0.42349720708284605
-0.11030244432987064
0.104157752917293
-0.03967582651951312
-0.10344089114682727
-0.009346693604994367
-0.12247164373329199
-0.07752352939829041
-0.18970714614949263
0.09345401996949788
0.5276758843630132
-0.603141560154944
-0.3275776378492887
-0.4894789843348357
0.576301243813721
0.3026562108791111
-0.15529672481541532
-0.17708824823381084
-0.32396747533096953
-0.04621067891475996
0.034755126874710544
0.04948583227073807
-0.1580433521605615
-0.10653041119906483
0.09029776056982071
0.06520497254441704
0.1315253217495494
-0.09165898698045598
-0.16786166315471504
0.4951709542233814
0.07333196061979948
-0.24623405396501064
-0.10333981618148437
-0.3822818407822128
-0.018249720470931232
0.3332527964761477
0.31626730460224145
0.0949635448818541
0.10432884492331196
-0.005413300446716199
0.5104230338118494
-0.00026627557026542175
0.3832008452409284
0.07793460803381774
-0.4662789046747228
0.6744341499488987
-0.3086566023671324
0.34707549669235804
-0.1406545994275064
-0.7114032255543172
0.3629388742982122
0.4728957461514249
0.20515708139207112
-0.1280399400223496
0.1532644333297797
-1.1483833023033367
0.39754955857515617
-0.04394121970723858
0.3373016868445926
-0.47341475145544354
-0.41568488435019346
0.7366111053495477
0.1668877474593875
0.6107576485199453
0.4820148828414
0.09366885681577107
0.1336972960560458
0.6534313400386621
-0.18628291092240815
-0.26371791923281807
-0.37052209564951105
0.1146756775236834
-0.19443837206086612
0.010477532316318833
0.5448038002357519
0.3622074763849985
0.5219291565500437
-0.6686253160133073
-0.2842510128902217
-0.24486350878339594
-0.6630839352008179
0.009705346934666076
-0.006803166265751196
-0.11179717747233668
0.050078670271791685
-0.2724192373988528
-0.12871956936723739
-0.3011450468357793
0.18890413135016676
0.07584624982820348
0.158561991389217
-0.34650644736233566
0.1490039776039301
-0.15921885153369394
0.08414605953786905
-0.09409077673890465
-0.12155225759372686
0.13517432238244242
0.08764268110332199
0.11982777624271292
-0.07796660998750395
0.1332136591863084
0.09668339264255894
0.08329123713795523
0.0008745759784443142
0.07143888534106814
-0.1363467008631937
0.06714674430805942
0.07111525206734075
-0.04940167033035754
-0.15542079768821082
0.019018442809666285
0.07153915904006988
0.08513307042591098
0.14922333548714106
-0.1139142939678491
0.035830511050132095
0.18312000489357522
0.04529696123773284
0.16413663973219805
0.046423824254620244
0.19440333630765944
-0.08596497871366335
0.0386177212355381
0.10071709257127606
-0.20968900996957643
-0.062400281946879674
-0.15640866734709713
0.06040378948225537
0.06680288526729446
0.18139165925814488
-0.22497401046289714
-0.014681922795762225
0.1469463694369298
-0.13056138705468856
-0.0071360456287682394
0.06967128893189231
0.016415247856258933
-0.015465483749442134
0.3745567464967426
-0.08892244287501
0.07564048252288617
-0.00983189585379554
0.03695331869907271
-0.07138161873247639
0.0787646913411335
0.04790318364404399
-0.12101758648598515
-0.06347169803507256
0.10865767350783576
-0.1529526397143736
0.15161313218899178
0.06231370928402182
0.11534496810496969
0.02156279705463764
-0.004327695316785521
0.009150709739518228
0.07409153640606383
0.22149031067017436
0.11536670176764464
0.20396974534496232
0.09935946207347986
-0.027207507650361677
-0.16253627469771464
-0.13081453258082656
0.1456884277683549
0.08311846456692171
0.16649427068921696
-0.08379304277751394
-0.09982963397059173
0.018319473156579388
-0.17638937547992076
-0.33880672600051287
-0.3415385397053045
-0.056178116970160744
-0.0890684663485483
-0.4991304461730394
-0.12960195813880118
-0.7202308158609386
-0.34320517134545914
-0.46974034080531574
-0.14399767761826285
-0.08963996265539927
0.2803906064750716
0.09593456874953604
0.23320519737255546
0.15614212936090716
-0.29632136672769377
0.3051734433764262
-0.1962648866660033
0.302204960769081
-0.12060182027487805
-0.022996190399717325
-0.3593612193318137
-0.054031533872599895
0.019914031321579505
0.20698888556478073
-0.3279859521266275
0.05110716858611355
-0.3542136684580199
0.13630927001821652
-0.19826676331412504
0.0887118573535614
-0.19221571848036395
-0.19779874795224728
0.021809308785477516
0.2504778415237645
0.05301462036477338
0.21091577292074454
-0.12730171248781635
-0.0371623726491701
-0.5453192302605522
-0.4019284107243296
-0.08413857372216921
0.29160555512866004
-0.39745545622686185
-0.43256456741702415
0.38686540752495446
-0.42441775798142783
-0.2469564168131062
0.49048966973730623
0.16970465824967784
-0.43757853870079055
0.6417581565138479
-0.32690654995782403
-0.32964724571600956
-0.23463445973132915
0.02072857015840069
-0.2968475574268198
-0.27239140534015954
-0.18230842740640413
0.5999671058806368
0.09112268192210825
0.4232264034856532
0.1786434680715386
-0.011197637839939418
-0.2547285375428213
0.13155520023080555
-0.29881870026718294
1.0681289339166709
-0.208581747048818
-0.04564114354846145
-0.0031889252195865785
0.44935158825352794
0.07776564014167947
0.3435941721830374
0.8239881912010167
1.0444932296522276
-0.38945798631928236
0.20515079375959536
0.7584984146057556
-0.6424069837480125
0.9765209543176875
0.7116668274277395
0.10363970469258064
-0.6002562340988644
0.6427054717666079
0.6428090841615292
-0.34036096782731623
-0.9144702745227593
0.3836776556879358
-0.06630715303570378
-0.23752976013102897
-0.13682075138525066
0.3878456810859482
0.07929771335545338
-0.3086998116059336
0.7682150499582437
0.9594212098586685
0.3466195215770506
-0.090569906580421
-0.36627880768667354
0.21262115385317207
-0.29798996011278506
0.06411846257042278
0.6186630885901291
-0.05083356168116345
0.7479692929847345
0.7910931354621246
0.2047432933977289
-0.6845301400767473
-0.10603690766731873
-0.613909075055024
0.18023450485526135
-0.14320454537243196
-0.3163969833823728
0.2822878676854622
0.356394217284785
0.16513236912379262
-0.0413505996031312
-0.8710014576908376
-0.8301863817993986
-0.24610774300365615
-0.6931722812565146
-0.40417704664805265
0.22249853740845182
-0.014717496360568565
-0.632528876283062
0.06476924691460348
0.1987076287874967
-0.502618706625273
0.10493785604664345
0.1614166222461807
-0.8412414980189556
-0.09746787229095852
1.103347706645115
-0.6276295168720647
0.28496084464070537
-0.3624855558177176
-0.18548295154495384
0.21257007533713862
0.4085212042442256
-0.660580380486543
-0.611501120098453
-0.7781358223005772
0.6151740926393466
1.0905784324878318
-0.49596462519941753
-0.10681260264241361
-0.6929933251036893
-0.6022810812640841
1.1626268067317702
-0.611247055512199
-0.42055304875366617
0.06841217744030176
0.5947485118726985
-0.19145514698177238
-0.11203032350607109
0.5081990559701353
0.3197666413297358
0.8225137488589909
-0.3033679520639697
0.08260349216056746
0.9537436800553495
-0.15364239862985168
0.6123586570073828
0.6745267808909111
0.8045569725156653
-0.1165763459222794
0.3393137005304693
-0.975696567000222
0.6998961265442628
-0.8786920816287089
0.09622617872896469
0.6666450427970306
-0.3266183429036042
-0.32754066694032064
0.11665732548362676
-0.4304097073125836
-1.105216054070933
0.05889077279001516
0.06520958829601811
0.038219862859442504
-0.09451138736767166
0.027245474918124627
-0.10170131730759399
-0.10485137968808682
0.017063279273263565
-0.04534979361412029
-0.10573411301989624
-0.12483173338403232
-0.04899858117474207
-0.10306386876823789
-0.1495909720133784
0.02951659719886615
-0.08738346548397614
0.14600938492285967
-0.08163957335715342
0.0125004944075626
0.07099825157582319
0.11670599091588943
0.033222664086340455
0.09898061432897541
-0.05398015418577145
0.22174084515952602
0.14308251442215122
-0.01764183567836786
0.0013871503582877853
-0.03882116574616423
-0.004554367756767679
0.027590444207112107
0.1386843388364096
0.035225477160428946
-0.15985142253515452
0.12594910479399546
-0.08653809422674055
0.020461872369152756
0.1222593392087506
-0.09221317629450294
0.1681201247890641
0.014168329584332591
0.09951375885063436
0.223223957311406
-0.09901150393100559
0.24540592127527505
0.22014980435512188
-0.01211270458936525
-0.00936538413000818
-0.15596019385584717
0.23951413317533038
-0.1222393888070241
0.1292780028341545
-0.0767659741925694
-0.19872938098157472
-0.005298000903971883
0.056869898811677214
-0.030266400778889195
0.06477408229477723
-0.15115502417564616
0.0029168919898828515
0.14120423207227983
0.0974484472344247
-0.006658476084800166
-0.04520427547280448
0.13818094204720327
-0.0023615507637520577
0.043707535842095
-0.09357352454815865
0.1361476042244066
0.009289397023493745
-0.25768623068558766
-0.05559325276750953
0.055667000959100855
0.11917220615049186
0.08039770519246912
-0.04744590747285944
-0.08334657813184645
-0.13278826937699556
-0.08638769865379481
-0.29193019890386857
-0.07374692082696183
0.08382125679315586
0.5145933207821886
0.19292193305362507
-0.21573098253261647
0.03280902255176437
0.2658372631039813
0.0596353875065237
-0.17317906620172152
0.07170487543072701
-0.06927420238830659
-0.08303885815958538
0.3264628589743353
0.05359551546781849
0.11099412356325906
-0.2009517296996487
0.23958130369591535
0.2277511200854837
0.19269185767414213
-0.0922638785275588
0.17798607173417824
0.09720864007795602
-0.4378993838869279
-0.2599916291968781
-0.5250520029385872
0.06464233462981135
0.24445924256825102
0.13368606509377373
0.02025507764016652
-0.33169261852502396
0.016867199746275777
0.14917773621699573
0.1620135183611218
-0.023829711522355655
-0.051701072509734027
0.24309687539877992
-0.36693855710111156
0.018217050207516537
0.09778138649577257
0.08159364189279854
0.3386150002319292
-0.05605845880987471
0.2434260562835645
0.06431255731941252
-0.27903856325501686
0.3030112085901613
0.0367023003867272
-0.13087820619235002
0.03303634657363241
0.014251198233231652
-0.027735089087537815
0.18986231334557563
0.07698279738390537
-0.2502180563627026
0.09226509769816496
0.028321975834712403
-0.05244984213562287
-0.056945013647515454
0.568762606651041
-0.05959696951772541
0.01721216501922508
0.16729068082212062
-0.5077603787623372
0.07999624085882472
0.19954046239807016
0.06717865696247002
0.04319630844346539
-0.1638087744626478
0.6324285210735696
-0.09209521634868506
-0.266742717140997
-0.3746772648044231
-0.0718657481287542
-0.5982787353789469
0.24627732890290366
-0.30019694551711046
-0.10281576856322064
-0.020413434621003274
-0.2840526720865085
-0.22426110945026526
0.08135901252511801
-0.1403426155221006
0.19983204173493913
0.028599860165955168
0.03663852692019985
-0.18932583331732444
-0.138442838475629
-0.09266252276692288
0.08201686760922826
0.024233824373371914
0.23596104410586222
-0.1338243317157887
-0.403459318996646
0.47759337673318875
0.17667782166570195
0.1605030070700331
-0.8168106167967175
-0.27403103974686494
0.10374457632300349
0.41983799874024996
0.3337670328272731
-0.5254387003593889
-0.11394031678340488
-0.1434192443096269
0.1597080145918273
-0.009117516042099658
0.057073626422702875
0.14761828116144188
-0.1428045607872792
0.5566869476681608
0.41813047687208105
-0.32068816742397344
0.03903082210526464
-0.09080955535119796
0.18826462163529262
0.38743790019065577
0.30527966755821995
-0.10324996564382297
-0.33215520978897717
-0.03146707245359596
0.1483153860555948
-0.1227051860814953
-0.8711616171419494
0.07934445268987805
-0.4162790543290321
-0.22177656180501445
0.40026686283346513
-0.5518675095331259
0.20953224892471092
-0.1509576683045248
0.285869321186443
0.6490729295898832
-0.3490679645038874
-0.10756429359237918
0.1061600573674676
0.059028092454832856
0.06926313786226912
0.7231996495041599
-0.33876502449629803
0.4359417049473471
-0.09091595115830592
0.024428461209041574
0.41327952783710165
-0.4170551801418952
-0.63523413714659
-0.06671796460357222
-0.49636329415579944
-0.12904858364130353
0.06591157649855031
-0.6719167216447599
-0.033384814916313656
0.2885699079574238
0.42158699937920907
0.08152315232186898
-0.15639178385577526
-0.19079323633683098
-1.0029505682788846
0.07057116525397394
-0.5651415233096422
0.5037574494107019
-0.12674397215457073
0.3764964715671522
0.5696747890291041
-0.12304934983412932
0.1304619624757772
0.30808371451515465
0.501054623815995
0.619844406804897
0.17343618775625963
0.3106570335472114
-0.11295293205842413
-0.15128037931367144
0.27185144609752654
0.04373891132120679
0.06700843500551384
0.5503061619592988
0.09920028731426515
0.10471801346419343
0.08875148644861158
0.11755874697166922
0.06642629955473264
-0.0757105524322344
0.0874660153647668
0.08620973678351732
0.1248304552466978
0.09683580776164359
-0.09115545798486853
-0.02483201234058378
-0.07367470161607803
-0.03710997425663015
-0.04254777748910653
0.10482447451126958
0.0250148609625954
0.042944610503458644
0.0029257389135341123
0.09049905576336527
-0.0318359220507465
0.04460790756490343
-0.1366627849426398
-0.003257421667551292
-0.11807763384579785
0.10322991563550046
0.12662043044517365
0.13978202551995839
-0.05393116641384979
0.21404989345852893
-0.051337181909688466
-0.07983835942918573
0.15753142273528842
0.06328649802786364
-0.18909640774320008
0.13345380040236207
-0.006663752606172845
0.04735086530110963
0.047967338262242594
-0.05110845950185846
-0.01944721918505985
0.09206714467879179
0.17951913786316884
-0.0930859353488179
-0.09618709964832753
0.18440332334156112
0.008703757656633693
0.04941008862200546
0.07034235842438552
-0.06007312798018834
0.05091163101520387
0.16966742854075711
0.04167815692554198
0.13420136647153913
0.001378762174443845
-0.08925734741078412
-0.008012979308383973
0.10535231143056445
0.10726369028969057
0.2714716458669494
0.03308857095203015
0.1806110399996387
0.11341060853535447
-0.018425063589204888
0.1144392978673486
0.23386772382231066
-0.061915028319971394
-0.07730091101939429
-0.13287729168872686
-0.005812680475021922
-0.01854097611332719
0.16564285834950077
-0.13626244772951684
0.14691245483698737
-0.19969839949228277
0.16000208137885502
-0.13548915074683932
-0.2184831787827474
-0.38486124399384364
-0.1871121823683317
0.004585546315415989
-0.0781088549521964
-0.3564370368662959
0.046330411379552704
-0.4866141925257059
-0.16061449156977298
-0.21371042910300272
-0.1648149549674218
-0.10322138802329911
0.18240219220046044
0.010582887074353951
0.19491178300580092
-0.03900295382080107
-0.1435921508051127
0.14081680115495632
0.03835735679581573
0.22623075389326694
-0.07944866122731951
0.20680017074303386
0.05338777095382369
0.07848246371554879
-0.10724874085221817
0.1462621900350708
0.03852180974102533
0.23744414381732473
-0.1504279499642949
0.35695372226683947
-0.05137852156695053
-0.21457790955133682
-0.051629396079059815
-0.19506413703722797
-0.18620647825604
-0.11961254059396295
0.041938534121520904
-0.01411725302553075
-0.22013009812033854
0.02313356708427753
-0.21071930107875592
-0.21847294584802726
-0.18432121612217214
0.14024162326764975
-0.2259132427646369
-0.18272189158415741
0.25906517386892997
-0.1756249946491176
-0.2315351583510221
0.1231593206774985
0.0357061993855683
-0.2803564503191189
0.26589833154916936
-0.23249667685794861
-0.29467537193340165
-0.05593107355510239
0.30977291526833867
0.026894380153865347
-0.40271597675211596
-0.18212401592141989
0.4881045442719881
0.025104104969278822
0.08382768735611448
0.1293287476417023
0.09747234139296909
0.15199262424898688
0.004026589865161075
-0.04233689701892271
0.366281709227202
-0.14966507304041782
-0.12805121889808313
0.10064593279621031
0.3834148623600734
-0.10275985261344181
0.131624184514468
0.5090193569376916
0.49453177998189984
-0.3805174396664443
0.07029259567367846
0.4046124135364297
-0.2377788875544766
0.7905827801679355
0.34273052784550834
-0.15632410745144548
-0.3214469759351111
0.41134031938631416
0.15922291222619606
-0.1629933180724132
-0.3570083775530318
0.14417129321027516
-0.030900688996610172
-0.009850775988234115
0.2538064460297945
0.39230574904219045
-0.08228250558835874
0.04738540273038851
0.07363957601753904
0.4184409928113315
0.3018542890557634
0.28434251327851057
0.024316389422954637
0.21852757921913013
-0.32372961814690016
0.27160047430952755
0.3929278583778944
-0.2883285712049738
0.2594679055663898
0.01433361851304373
0.24920087338789063
-0.5280636612540736
0.17778332653486817
-0.1029110612906912
0.03378528830704627
0.17222456449369286
-0.10394858968919433
0.0966701995029424
0.13061254754318288
-0.17640158649146043
0.37900905852709216
-0.6983992087891029
-0.27078393272462425
-0.5121094610026942
-0.24715092025348084
-0.3615316505961191
0.16436641555635015
0.12773989572716316
-0.34127128444954324
0.44081294856889747
0.5580868143222847
0.07727062691914345
-0.19308961195363403
0.3181242283283155
-0.31489180850890586
-0.027672994728825832
0.36408874979395217
-0.32045670551086025
0.2608445718925522
-0.18206256011367633
0.10109039279309497
-0.18794237157298097
-0.31151033919870563
-0.18622953125764724
-0.31430827300477493
-0.3893257480577384
0.21122776907646262
0.09828403806609333
-0.03669665887912002
-0.3312860698561196
-0.2622102332780535
-0.014800072723933416
0.8638322625802156
-0.5145882004236539
0.07500980620750868
0.3806143961432254
0.05392111065964671
0.047613977869008166
-0.22313128869411286
0.5492943802058338
0.044763279415195194
0.07541114072701016
0.03588895355074572
-0.008284431404330958
0.2933416339884759
0.028730422565469284
0.3081352198233513
0.0066827028867445975
0.44718567786830826
-0.039226013914730795
0.14785720832536184
-0.5600172279659638
-0.24601063729973702
-0.258978213549912
0.16400917913247995
0.1620077137659447
-0.24625118388766767
0.14314574402780408
0.2916919969600215
-0.42765273368714357
-0.33573552250909205
-0.145397111680021
-0.047915910905038536
-0.09796052453573954
0.08156276416921551
-0.1111490552855088
0.04362777624239211
-0.059326329077993845
-0.07537051709400287
0.12971717798660937
-0.060469778747836864
-0.14940859018339525
0.10393918237890158
0.12159889922167036
0.12242814887949185
0.11243686312463425
-0.031142368668336216
0.1206607876659812
0.04943678095626136
0.1276528520790124
0.02213707310325128
0.0766020563968042
-0.08774167875045652
-0.06766182632276847
0.07067674314676499
-0.11835184153475528
-0.09360061657532866
-0.01614668667761436
-0.05676495703765244
-0.04573504550168932
0.1491544754496235
-0.03898459800681648
-0.1415905955487006
-0.14194245733145874
-0.021094798994104318
0.08869931906310201
-0.10325916202157354
0.1051643397447174
0.1190372523334378
-0.06317502146084883
0.04728690269823313
-0.04350257551239051
-0.06669202964478636
0.013250479535968354
0.14638147073010083
-0.1401921961934491
-0.12264710490285545
0.004917733008712149
0.01983284814404537
0.11370545203425063
-0.060709764755478186
0.023110275692646655
0.027681665858002805
-0.2229558526095627
0.13680323370590403
0.06469698343797617
-0.0566578195790053
0.01544051127457461
-0.07298753425251445
-0.13862011590298629
-0.09367860325598101
0.12636006750736706
0.14092013277426965
-0.02484229474506934
-0.11838485069550221
-0.032030325679818825
0.1092148157684982
-0.09843830657869254
0.006726561318712777
0.15314720600681417
-0.10548396772659323
0.16386665402583545
0.021457444716612633
-0.09730797405951783
0.15199491398961076
-0.08695009999463238
-0.1703859349902795
0.0951729209956104
-0.04847180822819329
-0.02264257720374077
0.022779054488318656
-0.030483734540558013
-0.0713722646518304
-0.05846002760795385
0.06582091080554553
-0.10043906468753891
0.016205012561495986
0.0008084233065693435
-0.035130732373366474
-0.05535304482824739
0.07399901850213647
-0.054004012716590034
0.1427868640149666
-0.0955275376034927
-0.06944553771399031
0.1055490035747053
0.2035911691361676
-0.06873240578371748
0.12558819396051402
0.10320488417065143
-0.06557518004504942
-0.08885996264265357
-0.138626010370033
0.10456643330499801
-0.07378811718829512
0.049073725300198996
-0.02898532326468971
0.10334417202098936
-0.030700700207847778
-0.07671839352209367
0.17575248758250323
-0.1440248192124138
-0.08798866171171796
-0.07379377818662326
-0.1481113511857788
-0.054346140705875824
0.0556187655567526
0.18358693561277944
0.14547253314805933
-0.038816482307575624
-0.030285730701996527
0.11090390878781613
-0.0816617854561147
-0.14373998424632048
0.06227385340432789
0.022394466717828312
-0.11474046742244168
0.2042029134384144
-0.038046339156618314
-0.1353895231301435
0.13816944507748413
-0.08880271880515514
-0.07005895132748567
-0.16088629005351374
0.08080638972004328
-0.049584036678998585
-0.07449889246289253
0.1206940856284413
0.001262721219953835
-0.08663187901817057
0.013598673772578245
-0.0701752194620199
0.043310318736656
0.03553027090395832
0.12276121648964948
-0.16470206751211397
0.2792188907279109
-0.19041835019487988
0.011859159335786273
-0.05820883714447283
-0.12800605013291216
-0.02487856174953205
0.055848291710107925
0.03771891448331171
-0.0196378176821839
-0.13416303984437006
-0.09852424907546241
0.05898517004382943
-0.0006981391846606469
0.21737797836446307
0.1855942697076121
-0.15318995262762566
0.12859340156969287
0.04031038544582011
0.15962713019156288
-0.027257037614906665
0.04001502103667421
-0.057163034028172396
0.10775802923434274
-0.04998392196487279
0.1642323665332982
0.018049121601858238
-0.06621862335338409
0.12496212162842807
-0.16297128439990582
0.07845796799850115
0.0004797695545413916
0.07237739469751782
-0.025652694445988434
0.33885101459516287
-0.09798631057748605
0.0980930224696984
-0.10922106734919179
-0.03960443588282209
-0.11287588610393452
-0.11177893910424355
0.013391848283153922
-0.05014358061441456
0.06599519384248961
-0.1169836767291134
0.09913551528068953
0.16941841823870346
0.04877323586012535
-0.04679353528012145
-0.03776935002265749
-0.2546174093996868
0.08967252588070938
-0.34330702614395764
0.05295886479450798
-0.026745611090448262
-0.08259284390588362
-0.06322686458612731
-0.024104581147678692
0.0715664597391537
-0.19039893965505686
0.25159982135567943
0.09256166723058021
-0.11517024436886067
-0.16857534515658706
-0.0046335153960148905
0.03509595467915154
-0.04546308608554993
0.07113959817201118
-0.11271523437448948
0.1134349204481526
-0.11889560296972126
-0.04329920768271888
0.10486375113241857
-0.2710974672595413
0.019194891723871718
-0.20721650486698964
-0.17903837643598677
-0.13127752324305914
0.01077810105297682
0.06043705429516121
-0.007837273778187149
0.14128926288631372
-0.1219395062728188
0.29470463052606033
-0.1384060567285369
0.2244012236529495
0.1367746646635832
0.029472534847915736
-0.05642609212200001
0.04065640706891015
0.01100738570097707
-0.24141279440326718
0.011335222515517825
0.032435395693340655
-0.06833103974139734
-0.15931700837571136
0.01955677803637537
-0.031135039823457427
-0.12644926531127754
0.24127339623481314
0.16401330483850843
0.025688094045330543
0.09404885277550903
-0.021021962547112312
0.23593219775413893
-0.02905599005007603
-0.1279867203394196
-0.1278722599722613
0.16507727545110115
-0.21580094047886936
-0.17353943761623422
-0.028295243890447564
0.00045438735927713994
0.10774322142877105
0.12622628829657645
-0.04566428219683137
-0.024773360717325395
0.06005098589814276
0.11882165612447944
0.03589788451698285
-0.020001306960380202
-0.05337103406121627
0.016609620739002164
0.1458644172525614
-0.03640906369643098
-0.07977072977274452
0.05978383937845639
0.11485213034104953
-0.011633306685050603
-0.09804057172784747
0.06912308617681141
0.06789445025402975
0.1565708714961607
0.008459094370667362
0.06812718001650515
0.059183522282390794
-0.11309923632870669
0.09405438126862006
0.00712829377196923
-0.05896579842573873
0.011266710686853173
0.12291313998920325
0.1432128032849809
-0.24721248899953782
-0.06783126918230034
-0.11829833948191691
-0.11691254406148381
-0.07680514762137229
-0.021062887884180616
-0.014246381662355966
0.03528010467153636
0.2092693550220357
-0.10747837565245474
0.1559271129321334
-0.06827532625933909
-0.1802914686596314
0.05253401637157528
0.1311967395899694
0.015814409933985054
-0.04716194552507907
-0.005605787000213233
0.020189434426700955
0.07140346580745019
-0.016199755996452212
0.05419678540649104
-0.039838201662073316
0.09947096295725028
0.051253549457768256
0.09895309061529817
-0.030941468140005698
-0.1332381779604311
0.19440670589625952
0.0002897741787997402
0.1504326697929866
-0.023830053732134066
-0.031035095313030163
0.11319258085844301
0.17572817490768602
-0.0674056679881542
-0.12033755832875144
-0.15545600762216052
-0.06921936248508176
-0.11059771123088795
0.22689416417062172
0.011609278797313239
0.01792398350400475
-0.16809560024632544
-0.2241984057383478
-0.10860756814204356
-0.3349528182838167
-0.08219851994320383
-0.14333546831563276
0.013166921640081309
-0.17180234266977729
-0.3159735533890634
-0.18736783274645216
-0.41903860366424117
-0.12605332685470627
-0.15600911038441945
-0.017337896767989948
-0.07649061678230756
0.056106252277668044
-0.13592928448281755
0.05784712021897918
-0.037071299275956426
-0.34830025923371494
0.08424666698361358
0.0652800305456153
0.13033750587265935
-0.21053990021381094
0.14926495339059917
-0.1818212357213897
-0.042785256838822526
0.0828557920621113
-0.06470197116320019
0.010338591927228857
0.18665522726769596
-0.0045251984773424575
-0.008856894441911308
-0.010562292737922654
4.181659614167461e-05
-0.06662193941721359
-0.017627203972458202
-0.03873081885870959
0.11184133988180117
-0.12906657117145515
0.17579750659441212
-0.12280065070140313
-0.049578303048393516
-0.2633883030666438
-0.12808729165902635
-0.12409464651558029
0.1877584206336309
-0.03062416904127255
-0.39014411743907024
-0.007957680489174992
-0.060540017988968485
-0.33107931656204626
0.10617360896801227
0.14138246868044765
-0.14388967917979928
0.28663570079492084
-0.22738841115510164
-0.12970101902988956
-0.33461946380178714
0.34261689531172046
-0.03982962644117316
-0.30307507409260215
-0.23203639895194716
0.4863133382895664
-0.19142283944417646
0.3911586467405174
0.1661381742505098
0.08662626464814444
0.0998937992517684
0.172676381033392
-0.36620204445224863
0.20257720598241133
-0.2056914373595466
-0.11770398106912945
0.02248425537053449
0.27416843879994063
0.14553159668154864
0.07871454158300478
0.41445518541439785
0.6841819636346715
-0.1746842085223955
-0.0725305833697726
0.43459017604598116
-0.1606106202631258
0.6726304210171946
0.4512298517643313
0.3042526873797481
-0.25464217287125596
0.21516854350830453
0.28171143239204877
-0.021409055879115433
-0.4685830959175113
0.2624429947943578
-0.04710925491794458
-0.07791852549821396
0.1314818190389912
0.333198081731804
-0.18839257739311777
0.027359944003076744
0.20003062796853396
0.258838391964354
0.19592037274401458
0.32717659485047884
0.1196302292084794
-0.10362373618393116
-0.08200600156232024
0.12711853587671915
0.5277883314817987
0.09830324701910985
0.5546699502296285
0.12616843608142914
0.33365216571498113
-0.06479995172588025
0.059913404891134676
0.12622186675199343
-0.03400277645671737
0.3815132807319064
0.19640430496631323
0.12516648277837006
0.3318044241997793
-0.20386476168577566
-0.006569376301497047
-0.5919683432778559
-0.3535047721363083
-0.07554292962045699
-0.2150674947066428
-0.22017386458858235
-0.12860498878515983
0.23277854663330155
-0.44778919767292097
0.33737586179120715
0.3872574358685562
-0.18462009704621876
0.08828062228058815
0.22287736850372933
-0.3086321752544886
-0.2015292146363479
0.4184297267468049
-0.046522021708645694
0.1858130164322338
-0.4469953597031443
-0.12521319499180925
0.06377034219886646
0.229704523456781
-0.20351741288703917
-0.439973875188188
-0.10638775134597353
0.40295461503775204
0.8137809394939419
0.02821286817277512
-0.3794296759259609
-0.3444719580518535
-0.37357018458380464
0.7503521245011666
-0.1630804252739567
0.3868165751601176
0.34079328757519556
-0.026364155179875576
-0.09904252827658475
0.3055699306786561
0.3132609565456619
0.22489405383042171
0.3331275219526938
-0.3941626094711165
0.17213698881367898
0.2077338032898296
0.26876563437171014
0.27744242156946275
0.09245251146834658
0.4252912585712525
0.022247865205861965
-0.007238085826798845
-0.47005498090598935
0.1212607187451538
-0.19088391971155283
-0.02836610033091245
0.44635494473203435
-0.05057562271990624
-0.20098398566360928
-0.09105503603433952
-0.3189391695602884
-0.4030425560163001
0.03216879622116734
0.0026035982919869203
0.011436438325370366
0.006934221171426624
0.008470225606994359
0.10930252785753239
-0.13061781371684383
0.047829681752851606
-0.05541476781870145
-0.03284535620040811
0.03113243615497033
-0.1303090850526391
0.0724063598773835
0.01583618748755472
0.009818992607285795
-0.10565569551374976
0.09815498628225243
-0.12827911058572902
0.06878109819999649
0.031767662155742796
0.010812205996480672
-0.13741427935300946
-0.14384479536213837
0.1207356066611169
-0.03045054320317676
0.010131900566674984
0.1544631820539237
0.07492531644537487
-0.1484180208002989
0.016501369388494367
0.08482862643088177
0.05234360742960457
-0.018853248443717458
0.10367462004265231
-0.07895404394243839
-0.00655169796863217
0.08204781038013842
-0.16981171117695723
0.04515864347533468
0.0019705811173258746
0.11182706408463249
0.027670673396309214
0.10796210358882885
-0.12381500416809585
-0.04074597080361181
-0.021584582142964284
-0.14948205178779417
-0.0767990850142604
0.12308958706556267
-0.10337176003136837
-0.020180837774563996
0.16110443850552347
0.1200647822309619
-0.06949193935264301
-0.0899955190689175
0.10643058083845498
0.07982919613277488
0.018044363087371368
0.08052975670986214
0.017109402634617316
0.10162096552347162
0.13655282573009214
0.01714432264692734
-0.04512733712775877
-0.10531785183651755
0.152876032429871
-0.07082236765710073
-0.06665241250979288
0.05933924748939424
-0.132087727129282
-0.06995873897355255
0.08642668143746224
0.062458654480224675
0.14726524240958488
0.06908248161354245
-0.13042129329689706
0.14831176806338886
0.0070442753998201865
-0.09289041255652428
-0.12494705607163009
0.09947115701400293
0.03364665106945193
-0.2845049756466536
-0.11709842325415881
-0.17042373037716121
-0.09282404816450292
-0.34023008680880834
-0.17151314975848547
0.0905267773144026
-0.04001516265108512
-0.02717118239839088
0.1388557853817812
-0.21934265943640852
-0.1541753700652012
-0.0463535720136324
-0.2231247541896478
-0.012541726451926201
-0.06713100063897524
-0.07582113792294033
-0.026753497912502602
-0.1089581363231874
-0.08009424002133113
0.03511510526304805
-0.06251996662847885
0.2125550945718439
-0.09459340321406842
0.13536038841131864
-0.10840809075814696
-0.0643966189189062
0.20858399215473672
0.008742963696229641
0.09478291110606103
0.22076142762964893
-0.031933996012841206
0.024573228024373138
-0.14814817824846205
-0.053158229379756575
-0.10894136578563238
-0.08702895123158978
-0.265783293101278
0.12701103957495702
-0.23304085809293165
-0.26429430144751076
0.19124703775445404
-0.18163451530811744
-0.27711361103585186
-0.023068013355109
-0.08018174161882469
-0.05648885552441921
0.19537468772048194
-0.23121813481827327
-0.2219059966809096
-0.020281824289548184
0.10850608225635129
-0.1966315169437353
-0.1315008886220361
-0.3093343833211024
0.011808421128760696
-0.12009820758177907
0.1807196887006345
-0.12101087065936376
-0.06569695620752466
-0.001832410122762439
0.176977546782574
-0.17161251744060005
0.35444710115288214
-0.14372529273039333
0.23589601797353585
-0.016808471949837343
0.29153527557002373
0.13506283046623077
0.0960130485063598
0.0695150423884269
0.474621405116587
-0.0845676977094762
0.11247391842695456
0.37571234040668067
-0.21929689829374405
0.3738862900871723
0.17718826838020968
0.028038627115368635
-0.13229181918970168
-0.027675866419261296
0.03116102006168556
-0.2843006993665693
-0.012555509351295987
0.26964934183770595
-0.16720306680292304
0.09722970855587983
0.2220201033465914
0.021661732901421905
0.143049080142608
-0.12858643727110483
0.06466734544877072
0.39385848566164616
0.004325095916868491
0.1757517195044285
0.09218846707051212
0.10171474100246077
-0.3450911228126845
0.10332114410393982
0.2954268082266997
-0.09963650608116455
0.6427930309072645
0.07448117540111082
0.07735558946283914
-0.1770100199601823
-0.07827958840733869
0.10689673710303925
-0.2356930580896405
-0.02453291006269269
-0.005421701817080831
0.0008838152985046541
0.017012229780160714
0.01601225954197341
0.14380100922657157
-0.4783476264894718
-0.1280246668149258
-0.1195372029579068
-0.016582489270685626
-0.09005108522972106
0.3460151762288596
0.2920509942825712
-0.29588702281512164
0.2702195577716226
0.06221289446509746
-0.048544474487566165
0.2938558787870226
0.2538852938748266
-0.38227684372543985
-0.10507598431074797
0.1607202774847753
0.010620724549295088
0.24011128937860982
-0.20719331181622416
-0.1107414576384412
0.09514755199881385
-0.0006875470177212426
-0.005788106876940095
-0.22502813565790578
-0.1006939152192582
0.3021058213174149
0.28578414967893134
0.23984661260615073
-0.18447299923406124
-0.10473451691807249
0.16825457215148432
0.30718513927261226
0.11077191363180305
0.1990789317811592
-0.11683753967889061
0.14830771136526724
-0.06744959851130129
-0.08767499104543897
0.12084474731147318
0.21189704525384473
0.22968646868303655
-0.15142810972023205
0.04677414301047942
0.25344044817876643
0.07208564160373578
0.2488542144475732
-0.33064260408749396
0.3187884191699118
-0.20417673325587482
-0.11211487886600913
-0.5723217422492644
0.015049396493442248
-0.09623491209413336
-0.19050398452724515
0.486003750537305
-0.16802294757107655
-0.03937969110843867
0.0283590914647898
-0.1407768091479775
-0.46887324646343226
0.1325154345370792
-0.042809972203759955
-0.08386691316383904
0.015170984902040451
0.0074540111981561885
0.1197241223486059
0.06880489552609804
-0.06682435085102785
0.1115042348343883
0.047397479743055845
0.0882394663279685
0.045489912042043334
-0.11490614998542784
0.12767769460972767
0.013324888522007732
-0.11811138929258432
0.10174952101730586
0.10499743575539923
-0.15881245904604835
0.10356899458648063
0.06851879511430252
0.11837908239804561
0.15616125248445023
-0.07844265879362627
-0.0645672394016952
-0.06283710523947202
0.07212939578922638
-0.0034451042051922877
-0.04928989545137698
-0.12108535082991582
-0.06864697982858811
-0.13665529589498077
0.04019355556423861
0.04137207341305713
-0.13461316876735616
-0.02927492750797416
0.08211657261724044
-0.1508310971867821
-0.00413815803206431
-0.021725955079854975
0.15220094006680057
-0.03209961392702033
-0.16448070010510307
-0.00037735412797548876
0.05275853556798594
0.03635340747058375
0.04380012167258028
0.07973495259494406
-0.09635942495922661
-0.07829702054874575
0.20314592113061872
0.025765870252509548
-0.12117485497881551
-0.009421601896623305
0.11052000288757423
0.04385712144398465
0.20088353395728126
-0.14347185213929528
0.07791151459475507
0.0065428876285635
-0.013913536684021913
-0.09407681922158585
0.06471034168407806
0.03481766992714422
0.007404196391821982
-0.046836263314056464
0.16639173850433683
-0.0808889610990645
-0.14114605911346048
-0.03672629056091177
-0.04134889241395301
0.18973198372898342
-0.14481658494078026
0.021418429453913947
0.03929830655725129
0.010551109213481586
0.21763244201483353
0.10589401125221368
0.04983784180600014
0.12916982018678214
0.15565733493446038
-0.18993000695377313
-0.22212398728368685
-0.0835108617176145
0.0970342057571969
-0.027981656070648547
-0.22692931827582843
0.10576368803595054
0.04739722709480577
0.0691491822134632
0.06761465230557027
0.07592689661824896
-0.1730047130739865
-0.11271353299333481
-0.007307075174632415
0.32208978735009985
-0.0995979433746467
-0.18575869510219747
-0.029058049717525892
0.10923017664541428
0.04651783728876891
0.04839095960429729
0.13458214960636689
0.10677250301977181
0.21428654808351805
0.20958915993630262
0.12335602998584855
-0.042098260138626706
-0.027523158598233007
-0.015608103926306148
-0.0851219947942535
0.07454135495444478
-0.0531179422218776
0.07603284173228465
0.031941964491658835
-0.03486393101640904
0.25520112110645027
-0.18373804274092545
-0.061908456127119996
0.14551983852402986
-0.32008721933628137
-0.030625082565482693
-0.19911679421262735
-0.17978322545024664
0.32075322986871185
0.02581757688014112
-0.1179082312059876
0.20692419010099714
0.18532358626449214
-0.2323052667580866
-0.035993960206332505
-0.16497127700847508
0.08710266163899182
0.0654522443913086
-0.026816824856591155
0.02852082221429009
-0.018033666983428665
-0.07935431573117345
-0.27449678553767437
0.23204027723097984
-0.010847491568120211
-0.14753617803181251
0.3710783978601809
0.2057305117964484
0.016934894715247003
-0.22445158988734154
0.15871776007660338
-0.06438376718046569
-0.3421136736104155
0.0015543201099240172
0.21999323488879588
0.21630628204288255
-0.0891105341747635
0.3236113030587726
0.019918573669346122
0.13283387968541804
0.1987581258707798
0.023423572108513438
0.047112845930963036
0.15915824944251267
-0.021973537609332953
0.30070121914341424
-0.26811195164661
-0.2234148475043719
-0.0005810971773674222
0.041867476017602115
0.14253717084488424
-0.06544884076458811
-0.09202561386905085
-0.00755719072838398
-0.0663095282729629
0.15495313874950387
0.281828525746126
-0.29474635169246655
0.04651322325396713
-0.07000611388349293
0.378230011891637
0.23310580774876835
-0.06799559980438141
-0.33561395835587593
-0.25917432054798667
0.17031907705113375
0.24662466351046122
0.15014944487489656
-0.18805115815469112
0.21802382821948338
0.15599778052061183
0.13812217784507083
0.22752379319677088
-0.20124493809284136
-0.058463380194678276
0.25850644114704713
0.18415851420243365
0.0027466387240539193
0.15698422473680912
-0.11593649631768038
-0.1481088421939087
0.20937040736422455
0.3557026354548199
0.06458313085627242
-0.034270327235002514
0.029574594457236637
0.49095058935402386
-0.08756652621981963
0.41748021452343687
-0.05391201453532311
-0.04663830179890269
0.319484818005767
-0.12787700752211592
0.06779510320828344
-0.24048201501310126
-0.17658660474080357
0.167827253480197
0.2699864166990236
-0.1232968122618107
-0.036751533024745535
0.10559773386174562
-0.426609455497416
0.21106282210215463
-0.38071158792934734
0.2920173505865509
-0.2622726782767367
-0.032813995904561036
0.1959254886844362
0.17226755884970021
0.002487406472476814
0.3037285816548043
0.06196065311447437
0.3486970396237152
0.5403766510668234
-0.13765209938012676
-0.17036662621875953
-0.1483359490441124
0.1418008940070947
-0.20686537714478898
-0.12934452629656717
0.3851499748431062
0.2220758814638912
0.2557999707726755
-0.35006839854166283
-0.16113700814839382
-0.21284573453396466
-0.6895100535340648
0.03446089442585534
-0.08109081044383824
-0.03526568488429408
-0.021945078262008005
-0.23305291382747953
-0.09462620103606939
-0.11285831244973868
0.10759907542926757
0.07563148420979311
-0.0037830174536586225
-0.20938040720634588
-0.05719517194403029
-0.18358083294738778
0.1291357326753396
0.03083981501635131
0.02295131222727436
-0.15037411210154164
0.010855127121102776
0.08209114663310967
-0.08111840003311355
-0.14161483220549592
-0.04672286392989542
0.04344737221536213
0.13732114357495398
0.1191164575899679
0.08375654375894107
-0.06463819836051501
-0.1040856721352679
-6.710853196797796e-05
0.11536033132734463
-0.04335134985059007
0.12383661621220968
0.10150932332338747
-0.020986457668251707
-0.029188932981652867
0.10189079380330224
-0.10237485548406412
-0.15215934295951958
0.14855574894145307
0.0577503210979835
-0.04928533753507124
-0.16491332320083216
-0.13411636065089652
-0.0841379962097707
-0.19689828072776278
0.04775663971426818
-0.07617906330724626
0.04393733135812334
0.04830048822044636
-0.05432831703544756
-0.03763068784392534
0.21088504755041212
-0.17577545948728293
0.05090280600363414
-0.035309007949458196
0.041607678223919156
0.01243539599680821
-0.14496408594238086
-0.20150131745044098
0.09122786367753412
0.02352724208900766
-0.09578216432978634
0.04085452403958113
0.23643226423989594
-0.23885353816306412
0.0399007844073319
0.08530332997617472
0.18282171086481583
0.12119331991089762
0.022198731940831024
0.09591303488029262
0.07917042054243673
0.05480573897291321
-0.04072529683966176
0.010555396870114846
0.014593509790126623
0.08623303685245062
0.00044486995713919426
-0.17723128670349692
0.10385692312616066
0.08580879341813717
-0.17798270319553663
0.0018713142592509107
0.2897365093224359
0.2839158836426302
0.036773605750940325
-0.12938677874994645
-0.005406176718113183
0.0791291502985186
0.18382021244262847
-0.04531216935824503
-0.1191766947398274
0.06198000831552381
-0.04968386612908739
-0.013104444930998617
-0.5150481455160434
-0.29114634141561163
0.0366574974125396
-0.013524055107588733
-0.3144243016564852
-0.037066989535205486
0.1250394238036494
0.0973761589840253
0.31122623647783343
0.16339162336817614
-0.29090499497805594
-0.062270853922924634
-0.1333990108325285
0.201901038287348
-0.32018177162792916
-0.28549474953003573
-0.16827327159329591
0.09414036257239665
-0.11352045526057462
0.22755287319285936
0.3315421069239312
0.3388386985575469
0.3390198614018134
0.05261104938873296
0.10435687350146572
-0.001102493320993519
0.1690480417140303
0.27180881340634605
0.14882348305397486
0.06709137477819195
-0.35869669069144366
-0.03402891474207854
0.1309669769181195
-0.1762707683754507
0.26135375872741984
-0.27478099521416427
-0.030877460882188817
-0.06303766701339371
-0.45592066785523133
-0.10719291551742974
-0.36253858008321377
-0.07760991151375776
0.17094324875209463
-0.3204252902564099
-0.09300202773372222
-0.08942652718664817
0.1253856817140816
-0.306886411891403
-0.10860769425887476
0.06315646097942501
-0.16187486384769276
0.041095346208318985
-0.3285722108368139
-0.16149675132993765
-0.14793521365300275
-0.032635445953048195
-0.24920291289021634
0.3003996551022863
0.06758379208347046
0.08824256512982351
0.3198924691174367
0.0037862865752507258
-0.050417459086208705
-0.10975162034547185
-0.030450921215587075
0.2579717686846566
-0.45754413652220494
0.10114559520018283
0.1341451506155174
0.03641732237447275
-0.10141700034293902
0.40739988468003807
0.2037144151480051
0.5285192041125882
0.4226451300449514
0.0024112211100313884
0.44106455549986184
0.39351913301409885
-0.28506226031192466
0.16366230008960253
-0.12568225654466642
-0.16628180255957378
-0.2002961951664601
0.05217987584602211
0.30639006830089316
-0.11801468186158263
-0.17730825867138109
0.030524869053733524
-0.25657551839027887
0.14317505851479784
0.6203665568122607
-0.5617505952432963
0.029666163744910292
-0.24669694699098305
0.719255265530083
0.2388167101943199
-0.17657005931296488
-0.8523025923917938
-0.49027652440603614
0.7009448419949759
0.1852986562064446
0.5429819141508623
-0.2855760264674261
0.2468683593803657
-0.19892426766128096
-0.07364154944816223
-0.11215734279982616
-0.46174531251180784
-0.25805158074779916
0.32985307156003446
0.007082433505121133
0.03917732112630855
0.0006869346493824111
-0.2444368291839199
-0.21291959972389196
0.1691232971033237
0.410878600456047
0.25242846593897805
0.06889999473432556
0.3314992424126312
0.8315669418623063
-0.1382816810797493
0.43911438783714246
0.19687067444730116
-0.2864914186329208
0.5828362181620544
0.3383591079822135
-0.25494892583617973
-0.06814916076381133
-0.24658017975099353
0.7457858763196353
0.4988810009083201
-0.0645500591724326
-0.06749184349414401
-0.051041887400998444
-0.6786082524327909
0.441005547132069
-0.4201750319768571
0.47289276757281445
-0.3165923730537183
-0.28062497343231163
0.4891870295046023
0.3294366524876097
0.04146129540291693
0.5527638483476287
0.08626621185668625
0.29125003289997403
0.3974719147045294
-0.07467070159717466
-0.02891833891876717
-0.48781421836300365
0.0834259187858443
-0.00624540077609011
-0.0836195112557132
0.7108186932303748
-0.05123433739191644
0.3597687357380261
-0.49549972768467393
-0.11045192086861383
0.18683512679218353
-0.6189717108411785
0.26682584793160846
0.15952736812863552
-0.16242853800361032
-0.1675033330092531
-0.23834897748935513
0.01902306021309915
0.16226887641759657
0.3803666571970388
0.16591792499914673
-0.27661556832028195
-0.3185487797032259
-0.04368790322811234
-0.37071469071690544
0.005024727796842904
-0.008525953200081928
0.10213228478847225
-0.13402093222437145
0.07455954172269112
-0.059187270464282474
-0.025705018180316955
-0.11155517700613996
-0.047119908911317274
-0.009022120129175444
-0.13709419567366898
-0.028303346523116484
-0.10198514269989131
0.05150424455037565
0.028029916676953225
-0.06353852277248116
-0.04490427876210744
0.1449742838973491
0.020269969506374944
0.09967258673766415
0.06379509801081808
-0.0821848369540814
-0.05963683331780157
-0.03623116603679694
0.06703187009386817
0.11298791189601218
-0.036924722082485935
0.09584449302012395
0.05954175576622049
-0.08203222986562755
-0.020110060895811778
-0.13364050281597245
-0.1074285486746429
-0.034038269626766184
-0.1804926373148103
-0.10306586715673348
-0.14506011751967374
-0.07002869631758726
0.0025092600323595553
-0.0403401821442789
0.07719756130295045
-0.04700934779825185
0.05537528978552897
0.09227293452508162
-0.11933036075434035
-0.017783585215067843
0.08098364586007248
-0.03964789323656571
-0.044609058871038776
0.15496104708385772
-0.1516110270961832
-0.08756933538786091
0.11205730598013255
0.08991738150382728
-0.07748504940629841
0.12186870513530543
-0.12117037471981894
0.16286695901431783
-0.029098825068325757
0.12219629165498858
-0.013041376630077692
-0.11599320744485314
0.08933797531612413
0.17541053715699056
-0.13516006445208995
0.0565561743022273
-0.07460572932878884
0.009533546075850033
0.04774178631681261
0.04137465880071254
0.06296541828684205
0.1862595422141915
0.12240789138397891
0.1352810271018397
-0.10124462990573412
-0.10659397371008453
-0.12608652573168014
-0.16347295472549236
-0.055598748642523135
-0.08747997826596669
0.042590528845783696
-0.024105562607996414
-0.052206061971015
0.1492981113105411
-0.13056650557361604
-0.024074785310367997
0.16386671923955232
0.0437996460044126
-0.005919391697976132
-0.019256718748415117
-0.15612309679089711
-0.0288947099245354
0.06734557214145122
-0.16371349490644482
0.0025381097066197096
-0.20337849431888716
0.032056275804973874
0.044744213459909594
-0.10087269439921308
-0.020861890685952664
0.004638137541384243
-0.17458535219378257
0.07333277725627524
0.04876677466613939
-0.10457862714805373
-0.10694655260017158
-0.015735834807655683
0.060764246875250706
-0.08756039311892844
-0.09547900848553433
0.02393749755696259
0.13817470382893002
0.3276575244337738
-0.03783650270111969
0.14385247160414563
0.06526762019617223
-0.13784093097800978
-0.20178138020572842
0.02691013570308774
-0.15252730041484536
0.06652907689604076
-0.019403438148680993
0.005833882577182801
0.06406465422689538
-0.17865064603907718
-0.17448007338834867
0.10927387695403842
0.09835132091524874
0.08073829780197263
0.1817804944528824
-0.07904423650937711
0.04356230984628964
0.1125304671145823
0.03497603354750655
-0.20302259088677205
0.17930714163923123
-0.06535347618395708
0.0871458208988621
0.14144131136764027
0.15318767436691186
0.12136356113499379
0.06413232857385924
-0.03842409450287705
-0.005773902298166249
0.15045162123542588
-0.08659833124317316
-0.08753144532231764
0.3060518808913109
0.1305782804024908
-0.1112706708370404
-0.14830914625739977
0.10996589791213107
-0.06577071619493895
0.12209353848556584
-0.08455011482327272
-0.04410049764178973
0.23177498114959635
-0.0669454019836344
-0.06105920394136057
-0.23857072536394636
-0.06267302549655636
0.06053501346818288
0.1372783550325383
-0.03317165207795808
-0.11948435621705232
-0.1195717497406195
-0.13435158925935636
-0.10420659498895936
-0.06140212048133832
-0.0094042865940554
-0.07152907174396786
0.09518932754549184
-0.2693841340826262
0.07553944392646517
0.09417178357609252
-0.051613056617316785
-0.08957325509803625
-0.05248725761823607
-0.3278336567070931
0.191793641724032
-0.1577872652518185
0.11371906776894124
0.10006788947329875
-0.04769078213479732
0.1757037428865518
-0.06138345801026451
0.038940639514597454
-0.22118720540543085
0.031242238133484677
-0.07220443348692253
0.018576217607292524
-0.06392111647952511
0.06756900670435624
-0.07662419880816686
0.06745354073637096
-0.106184426365444
0.030144011923473532
-0.14141953664770418
-0.2195546766139587
-0.15301972549379408
-0.07273597007256283
-0.15264249617790623
-0.07287515287173178
0.07183736522619756
0.05183069862556588
-0.08607561240865048
-0.027780312040993585
-0.05343060072323022
0.2370555046737672
-0.19155116942330483
0.022858430898650545
0.16984137818103515
-0.1267547876389166
-0.09206394334684592
0.00225167834787336
0.09388005387299744
-0.20364509456037025
0.28534702673903867
0.047380253090367516
-0.09125709080667734
0.04731076524000742
0.18923107745054663
0.10121075523032745
0.05585613575123316
-0.17531907925553683
0.04513480851057335
-0.12856989000757452
0.021629031693934715
0.03949977697965272
-0.07945955157176109
-0.08571201791529445
0.21838518884399916
0.11807415285341198
0.00696889937157667
0.11004619116786873
0.17305057896586995
-0.16165336242052517
0.016619682859950417
0.0934084297520484
0.3955319181662508
0.08775013287229888
0.15341197907063076
0.10073276749976026
-0.14108111794839498
0.055522631764749274
0.04728901840528484
0.01816893583611007
0.05837865008672356
-0.3182472909160361
0.0025840906306064866
0.05222961132216936
0.2463647329475097
-0.1360496870635438
0.1971091258194381
-0.11868328968370996
-0.2107145521468348
-0.10937511310579495
-0.05156875900299715
0.13423800769313293
-0.12235364177620531
0.09048012967349245
0.06412135951797421
0.03938093609182716
-0.05906533239948774
-0.028064759940590725
0.09218677598510731
-0.10931650422081657
0.1454778808989596
-0.06677406882481829
0.09560319764279052
-0.15479631543800154
0.05757165478717922
-0.11061642132464933
0.1431110578728219
-0.08702883706638591
0.043573650575602994
0.05384305346965346
0.06418333455128727
0.11652428660362729
0.06945420665108182
-0.17184573847757784
-0.17748729598635637
-0.12296593352901815
-0.04003958413114502
-0.060096267409258865
-0.05666648861232093
-0.07770955301962335
0.0732712939547923
0.015125585358605776
0.05289007604021895
0.07080971620069194
0.08277007731841825
-0.06211251232450641
0.0015949496335051208
0.07294269262778035
-0.07158094760788566
0.02188163097313497
0.049554370688738116
0.0012122969342566643
-0.08356577961031603
-0.06214379835691913
-0.04088532331758969
-0.13408924145213524
-0.08156385909698942
0.1634260623199272
0.03298312894531336
0.05221207248673253
-0.1349432510517872
0.13598351577227202
-0.03172147202746245
0.07085120334531232
-0.09201184787679417
0.0946125377728022
-0.10930178690414735
-0.0017808147079320426
-0.03624634773580152
-0.0686787013079192
0.031539296240163404
-0.0014978582069480962
0.1391011010031227
-0.14339257844212067
0.0022069012245593046
0.15790741469781808
0.14749897782881513
0.11262117116964246
-0.052364964567010217
0.0325109544595578
-0.07634081982419637
-0.14425574097569227
-0.06344796217037145
0.02849565972731686
0.042489475705261036
0.10528207995421084
0.12409825864360943
0.24638533598460116
0.26729551553126285
-0.12026573312764124
0.18760228598253084
-0.07665229784598135
-0.039081806098287715
0.3835895555729096
0.15669468335667835
-0.1946229747864127
-0.013623473281264334
0.13263493903255597
-0.14980802400817078
0.054695408168974925
-0.1196241179883687
-0.19233525358143078
0.28714221077728813
-0.2132026840537501
0.2942455124955213
-0.2783644693114369
-0.06109889309636536
0.05121294231910496
0.13154922345468675
-0.005212925484338255
0.05240617102492619
0.03461446042731121
0.08486968377118558
0.05625330816549699
0.09160655844715299
-0.15984054750439103
0.12002482545539593
0.07817182296383124
0.16582651055766515
0.15713422317289374
0.023113960435928952
-0.3995078897883727
-0.030406722411919142
-0.11231868562780832
-0.06330243762873226
0.2426064135051704
0.07987008390089295
0.14600824598062045
0.2003649433508611
-0.1251897357140438
0.19935691873875067
-0.008536097081300788
-0.17314961586463554
0.3393701136094727
0.20840175785319018
-0.2623547030987492
0.01459389715107178
0.27800078496802955
-0.35759232490464393
0.15181796495900676
0.23213080342872067
0.09933378579788264
-0.2389853859399325
-0.1839236063353216
0.11837007758078547
0.021026616006952915
-0.1438080540647334
-0.30065144774213204
-0.1429846815495992
-0.08671216589410227
-0.14109654713752987
0.27237417105731065
0.07051918177940368
0.04193736685648112
-0.31207645026283226
0.0854285439904238
-0.11682961844294
-0.3240984401433152
-0.17448759368319677
-0.07823289600554621
-0.043157915867915085
-0.3004237041350551
-0.2467864844224757
0.20146370134762187
0.17089171238556505
-0.24618922959929454
0.3176804028811954
-0.30451758735664225
0.049079344341718484
-0.04367927121579384
0.3697608275336342
-0.3439367180132627
-0.13670639238667204
0.08753895837084774
0.29004563844377973
-0.10784312558860579
-0.11575979184444266
-0.130371372555031
-0.17316344556177532
-0.3778849468812785
-0.0871117052256254
0.3913284867131895
-0.5931569923160132
-0.3511457132062466
-0.060522876956019406
0.09159153386815545
-0.030366227402197837
0.10171156934231074
-0.16490989601090356
-0.4260376580859182
-0.2883831853883555
0.17748332235309403
-0.231039339375111
-0.3072935902078914
-0.3130009672745977
0.2903645009502057
0.09391440771843572
0.01911988506290952
-0.2841240293094856
-0.1561068284676689
0.37304009576874236
-0.12684958408757424
-0.20868776164204844
0.22114096051760843
-0.33395627687796287
0.42947407427953066
0.2613546958661417
0.531156272813575
0.38587552718854634
0.34614305124452727
-0.08055131590471966
0.3146890122533893
0.2654882781532656
0.08383567271340965
-0.18912069001088316
0.07149420041460448
0.11610275435305932
-0.39136462299125446
0.2651189905827997
0.01790311281307242
-0.6707811094531577
0.3413364534055026
0.09595019906492275
0.24989171171492955
-0.08753713193143316
0.005250208429236651
-0.38511781156917063
0.39091470943495
-0.17473967953474895
0.5888137682926956
-0.14747232947939562
-0.6485556003904346
0.28086772967783424
0.4230053016052977
0.09804066008672711
0.43486647196195327
-0.5088907885755237
0.29306879938659636
-0.005890718169107561
-0.25661857148611694
-0.11213189122714635
-0.12944914495396537
0.034909446524508614
-0.3390302832769334
-0.024972135859429912
0.1599270123612627
0.260051032139167
0.042082569950681575
-0.5585572646377158
-0.08669826884782582
-0.33106407904825447
-0.6555130075547855
-0.3972549589456295
-0.054716161512121976
-0.1872620012195975
0.1909924026093753
-0.13602168766527706
0.22372439970272853
-0.08322660587465056
-0.10442327826911364
0.3275783980225989
-0.09629556850315263
-0.27003721270801945
0.2471236959680159
0.1931201992131948
0.05013595217785263
0.11575553879998389
-0.09076682327243649
0.03388108823744231
-0.0672795181244204
-0.03736198150642024
-0.016345175040670047
0.10241828090289487
0.00048094785774730836
-0.007400432286644288
0.008220666851102326
0.001447986094835699
-0.1235621154442118
0.006565487381809631
-0.04749955075832038
0.12430270602809082
-0.009694966710823103
0.029194066790436155
0.07909874351162799
-0.058079527950035244
-0.10535678799466364
0.0666588674167643
-0.02687425032907917
0.08656049874473683
0.07189788213062973
0.15254258537198942
0.11965991958765328
-0.0352729298297417
-0.008447157863426473
0.042069102457779596
-0.13770434682574886
-0.1581982383811838
0.03817336872428942
0.036903000358936865
0.08955749476095151
-0.06567871725985648
0.06484072664855102
-0.021419254960625227
0.10538570281354749
0.030820006447318166
0.1701717279737167
0.0525494907343789
0.0614458498357962
-0.04128320807178724
0.08377820142483415
0.0011645321968613963
0.1181315494904703
-0.004209868541197619
-0.010286696351309937
0.0057296302294736826
-0.023721032417054894
-0.09717535225037988
0.13107741157657743
-0.02107740208604226
0.010022192146291754
-0.1049632554894984
-0.009778088203229571
-0.1504694118076313
-0.009962675306097669
0.14197126031597088
-0.058433744270791003
0.13619875477528928
-0.05040394377671673
0.14640211315715287
-0.13030611000611333
-0.1938932145381794
0.20245973975934578
0.07545940936185123
-0.20278077356964044
-0.046564855344549634
0.03332959030225361
0.015274125817510772
-0.1230758896634221
-0.044644167471570885
-0.02822271101278491
0.10337869852951281
-0.008526916476211267
0.04542996154105841
-0.07322475840939505
0.03547509563363775
-0.08003077463994926
0.10227324288642603
-0.2727551331838008
-0.15010641136652927
0.07441112921633461
-0.0126599875930976
-0.22757814493730177
-0.16477666567803864
0.15936554795275876
-0.07607232341877225
-0.0005444797172948318
0.17590372049605868
-0.08444631224986364
-0.016749395704155363
-0.09646080085999843
-0.060081468775512105
-0.10901526665347375
-0.2572253787459768
-0.10396050032795577
0.06738425374398344
-0.11166702128260939
0.2019185026352416
0.036408868506739064
-0.011409097826182062
0.34681780247622684
0.1337192210706898
0.011506581157386817
-0.18391406978240765
-0.08917916955868452
0.00023470999360866533
-0.0019449803087783278
0.1507140197444718
0.1298158848557006
0.11766358233840592
0.09590130430357359
-0.12360038763911269
0.26427808726204444
-0.09627568039623532
-0.1755405868703003
0.08188334257508723
-0.23238619482697961
0.008064349029104583
-0.0037835275583642577
0.07713069596232029
0.12728321110740992
-0.08438174002654644
-0.15610550061488213
0.09611877646698212
0.15611948501594697
-0.35017881197758355
0.039931045708943694
-0.06436429353720093
-0.10517608299350828
-0.1265955918477207
-0.20591627502559148
0.04369909200677728
-0.04821579824874724
-0.2511461458235092
-0.07458618224747779
0.13917754247224262
0.06699069869875618
-0.06916482616006278
0.27768866273063786
0.05967214117954994
-0.2869746002956474
-0.16008143623146026
0.07260710807909775
0.1391788609386201
-0.1849568756481727
-0.0399589967496621
0.06624633660755568
0.13850865983190006
-0.15843231028752378
0.12198828388344701
-0.05875837661504857
0.32049016056968643
0.36465287945295255
0.17745240393965642
0.046478199129147725
0.09491737645645794
-0.21353969540458656
-0.14408815907679257
-0.28120497421086954
-0.010071014572853285
0.04046398721791837
0.15007292566101021
0.21614261476443936
-0.2978717140799739
-0.10140937027599664
-0.02549565408779125
-0.22288449941124638
0.1941924326456364
0.200022575127232
-0.06860666417111166
-0.1452005996677519
0.1432755577533054
0.22347862902253404
-0.0398279419779725
0.0010250332449732917
-0.32251185760164514
-0.2004435815436988
0.029286850789348222
0.10100392566581604
0.2663970688503385
-0.18664935445374
0.13571006513264386
0.18246120843130897
0.10646373663782961
-0.06708902674908453
-0.40017058220754925
-0.11706627471922629
0.26333034355032364
-0.07307322053120183
-0.05153955732173563
0.20356804579584764
-0.18637848592805129
0.07316219137680896
0.1113724181201154
0.15788741380417648
0.12522502911367311
-0.10782792775791306
0.13983755826711713
0.39465334008258224
-0.18439944084252397
0.28747614942789357
-0.17653025397150057
-0.24641075917348182
0.2948930902751318
0.08402563762737626
-0.07245106155809171
-0.31558898510294986
0.06078325219381727
0.16577546049936365
0.2728749224806803
0.0699846396841576
-0.02015712756969609
0.014237036240306176
-0.28677007657106035
0.39942018100015647
-0.18092291479218417
0.2765497807394863
-0.03238320840089394
0.1805397675353649
0.1346010939485796
0.10900213028796003
-0.3789217487032888
0.21840694283137546
0.00897419519371021
0.36137877123610324
0.09535979731740449
-0.3758014268058697
-0.2703581577218723
0.07473972490615141
-0.07234684115446097
-0.15657393331768177
0.37474568088479354
0.2936310745480023
0.03555929679105896
0.21568611953264893
-0.03732746272302399
-0.12256956810922047
0.2478597445256638
-0.3679093378635273
0.12385793957379285
-0.13364209997887963
-0.12681966253187218
-0.24682780254869657
-0.05697208731673616
-0.27032863076455166
0.05490017885206463
0.40024419157883373
-0.03496638277230998
-0.5715757004516595
-0.19298651542316866
0.04742820081280598
-0.4962865286750232
-0.04575512213198015
0.13425634988274254
0.016483380751203768
0.036458353096298524
-0.1406191822278845
0.06524225232194195
-0.029986344012363088
0.14668900139116167
-0.16336040671593052
0.1356648775236718
0.12627221094666394
-0.13522913796462543
0.04455534306933962
0.08565487594471992
-0.08161259958826814
-0.10547902128653301
-0.11275721737362965
0.12527020355500457
0.12503767475313998
0.07522643008966942
-0.010536185564864544
-0.15154657144283332
0.04002561134618476
0.10270022470318294
-0.07404755772388734
0.0920022145986653
-0.11929750881009028
-0.01635218387134957
0.10488574387027295
-0.0942628890783533
-0.005711208137998092
-0.06513912207660971
-0.050095971499183704
-0.07532733302585004
-0.1161378331526896
0.12459188248668711
-0.16889949864174722
0.1296381997124001
-0.20118074465693564
-0.15037838513962445
0.0324617757583529
0.17253949396307153
-0.0379203750837869
0.10565736446496217
-0.09480558756679364
0.068884590830085
-0.19045825343359746
0.006258939017654203
-0.07119451449435645
-0.05549184010613404
-0.0024984199301121574
0.08195406005714716
0.16201544046284433
-0.13134519263414718
-0.11032823717461489
-0.0740014836390169
-0.1749924994578419
0.11442397067971101
0.019919425807232067
-0.025816235311558473
-0.11297763846769929
-0.0028668813677721664
0.0894336953436094
0.1120802947343895
0.07946859285078677
-0.02260601584670528
-0.02639116913501828
-0.012536046180375291
0.04265738776214171
0.04037020076758815
-0.10187790034314292
-0.0005940735741214615
-0.006016281730623242
0.23440326948455353
-0.16446048136273203
-0.10151032540674759
0.05935899515885527
-0.24254025706518212
-0.04939028613790953
0.0286090892108392
-0.24696184699011653
0.21759866321660412
0.04091125051072646
0.1964699763819833
-0.23147111913499344
-0.19974575593388633
0.16066323376848204
0.061715974934416565
-0.1892872308455477
0.06974818297390721
0.03880690018446419
-0.16311085530097807
0.07770311493148999
-0.13139101992877855
-0.18296340190453053
-0.24874357681319334
0.24640036814336175
0.10098326348187285
0.11452888512400933
-0.20081138097737458
0.03802097211702787
-0.08683905839799569
-0.04744223264855456
-0.2606083537134619
-0.2806647999636422
0.017837314769298052
0.11483038591097595
-0.08598879319104949
0.12788909426662334
-0.08461313157892915
-0.12377383848698496
-0.08489057424004341
0.29090982565735934
-0.03309237942806597
0.19169703766171273
0.15921774135064037
-0.38682223966609963
-0.09581578837596647
-0.16900724150075114
-0.2495903103696781
0.029458349949828485
-0.18579539982601911
0.12531287416400336
-0.0828551439511088
-0.20876354823097965
0.148636923270982
0.22902632874912546
-0.10927896478642429
0.05308629446924391
-0.09631101343141794
-0.10804419024002612
-0.08730265316025566
-0.08307633159944819
-0.1582324563611954
0.010115504401393532
0.14980760684497096
-0.15647140552029343
0.2418627692086787
0.04966299070708603
0.2613279812042984
-0.04710841577722943
0.004730422345558202
-0.16764376114720814
-0.18944249407133806
0.27864886379451925
0.3104301454735706
-0.22580271572067517
0.2749539399923703
0.27596425704361804
0.03978711967411861
-0.003386835272980665
-0.16567292055295332
0.10724014646782219
0.14088657113821793
-0.05697043259939245
0.03070506968559222
0.1410079719039137
-0.2080854666455916
-0.08973472762463443
-0.0071801087131552295
0.36291650769109673
-0.2496036539432096
0.14585554812454707
0.2543931174348591
-0.14687954424599375
-0.22271955509362415
-0.06753193262970048
-0.12077124880693567
0.19995958700599487
0.019646804987318495
0.04830057887187191
0.2391178280973884
-0.2579522978009201
0.5142306789894219
0.3429841468042873
0.20806310889818502
-0.3167855484172811
-0.26984257542426626
-0.10276481371365377
0.15935077337913184
-0.02793027825958257
0.3643926019721841
0.0338087210701739
0.059068351314435455
0.23253034585099203
0.16902215228715878
-0.1737836876432053
-0.05990352659624858
-0.05539974455800734
-0.1405225129214385
0.2986145778876526
-0.2663106909135906
-0.12318556024504178
0.33133623663970063
0.05279859121558897
0.06209677758427883
0.12760537693940224
-0.13211921561877688
-0.32518879495018993
-0.22260211872532495
-0.048698690814411576
-0.06727599142061308
-0.08556941713705077
-0.1856185202312189
-0.13747180627434735
0.06711836396371439
0.22922696512973398
-0.11243433021639365
0.25675841960241
-0.4435090696266054
0.09664742779155011
0.1113387391338524
-0.14172924914110138
-0.037791442287073436
0.008878577217400634
0.08734261291321414
0.037500405462897055
0.5688342270296181
-0.24686048366631655
0.09259288683869221
-0.14869401953486258
0.34208326867790484
0.42847895785355594
-0.14386261409961992
-0.12740097333921388
-0.2403304703078941
-0.14666830000742742
0.2749400572179054
-0.018803542556030037
-0.5651651708349634
0.050256569722901615
0.13450860045500568
0.14610655638997588
-0.03887284687530859
0.39853812312196324
0.3168787508281164
-0.23301647366744863
-0.32371442081992136
-0.207769527867834
0.5362874054510052
0.1568028534128914
0.49307272557208354
0.5281251884325641
-0.1457204170700875
-0.017702428872768416
0.20287385367132516
0.013403469584722057
0.4356950240834559
-0.24418623400368555
-0.04501947694910284
0.09726480864657447
0.17216607982343476
0.15584030404184857
0.15409095970932732
-0.21046534767011504
-0.29082144586229564
-0.0981964159983291
-0.10396781559877415
-0.13099942960073385
-0.09501483099930527
-0.07702205580120833
0.03692249743058373
-0.11752489497540308
0.0076636059575640745
-0.10594846132490485
-0.1140748317871263
0.08773606841049926
0.02638357209740337
-0.15057991923733366
-0.12104530209990193
-0.0015695379983424104
-0.05150033258894709
-0.1397169358360565
0.12372705356736326
-0.08224286598303239
-0.09170663019119513
0.05063551528584785
0.007614484117580779
-0.02109614120769679
-0.08718997391116323
0.02849478558707984
0.10697047724437538
0.03782354453818792
-0.07075340492478988
0.05761806138390319
-0.13428662534091682
-0.08666516476853058
-0.0864667671505133
-0.025271165581544016
0.02861831097514825
0.03495412581426
0.07763194863591118
-0.1479720426005128
-0.002285812620981727
-0.09647474944428823
-0.0659964834240583
0.0901201477631212
0.14226170825329149
0.13171524033405863
0.04200470748648477
-0.018937526929408043
0.0851285741583327
0.046606197216303796
-0.0345232743119654
-0.084851266403077
-0.032340065984271686
-0.11463508070774352
0.08843675591990682
0.06148741571122514
-0.04750130028819105
0.052619447768922745
0.13412068667821322
-0.14382053408112133
0.13354652521658963
-0.08695428818098316
0.08440892073319564
0.10193679067662034
0.060075606883999134
0.12629376476900447
0.12738980485496426
0.14857378104887056
-0.10432271914793777
-0.025177091347509856
-0.0225032301605122
0.04264743714392845
-0.03284906213258568
-0.20726148264942107
-0.1785096331584259
0.09289600020727763
0.008691737854118116
0.07603804656924881
-0.11027313255224633
-0.06659857905082521
0.06883076805382679
0.08114868109498924
-0.1279627360138026
-0.09206852472095493
0.12362887483116078
0.2554451283051789
0.18494207474217866
-0.05583865691807498
-0.043616277374712645
0.05296931576481033
0.0462497660201442
-0.044988258651214405
-0.1392862583252363
0.04720484131711467
-0.012001895593120464
-0.009422168124650165
0.13427955243281436
0.07418802568482868
-0.10927671819592796
-0.046765728511814555
0.2012074806421658
-0.07569150481415704
-0.05232183664801361
-0.10312615717280592
-0.08577911691018662
0.09748338227956097
-0.22830411280591553
-0.18165657483961578
-0.17460755774397674
0.11165122560422393
0.07823366842293401
-0.007379435407879609
0.030368497239551737
0.026443617215076008
-0.002345392495849204
0.12100587639035217
-0.19118698414820748
0.0033246178033538984
0.10262574923616288
-0.09706504358360687
0.11612521566922347
-0.053896657366689305
0.08174045526265827
-0.10489984891603706
0.06318127033932985
0.0931606126066793
0.0024421794178672465
-0.10202422201848899
0.034941081782730005
0.0056480392458852615
0.041758221145061454
-0.015017930199894952
0.024892523515993893
-0.0569567712978501
-0.09391623533866772
0.05952698601646249
-0.08259045246781332
-0.038130358677751566
0.15284561644197406
-0.056565273937685935
0.032715788484798045
0.10525835763594055
-0.059795462835498796
-0.13967349295519527
0.09025007865591587
-0.30189986702367416
-0.00869171310685127
-0.006694008201891244
-0.09158705526086895
0.1323780584144535
0.006695773021059368
0.2973108990811204
-0.054631408442606395
-0.17610878064787536
-0.1421311062797029
0.03123089576456045
-0.24375036544203593
0.09056461793152923
-0.22477026432733116
-0.07092468577473159
0.02375797002200857
-0.2019703783316368
-0.2656283035118991
0.06952990383182263
0.10416748484103737
-0.033901541876570206
-0.07553338741153416
0.038195595878535625
0.051844120639387474
-0.18594055091593387
0.09456277153512492
0.17574373719633107
0.1536571269597349
-0.10458459412329554
-0.02971063263763721
-0.021866089428139602
0.09703962530001282
0.06423700761191663
0.19240017726996483
-0.3337341570569426
0.0735955956179087
-0.08326315742362005
0.2835796216386797
0.11838074605107221
-0.19573427241937336
-0.18089761055245565
0.009252491198784688
0.1699782618314871
0.011101262147194368
0.0003521090058658803
0.058660899506456074
-0.06105221972409884
0.08690976978187843
0.1538880432127909
-0.16410310227499472
-0.06085355627264708
-0.09476367745678785
0.2711982085916652
0.11707981290006031
0.21526909240213188
-0.16211012202852149
0.035723535183452226
-0.1453657847372289
-0.09149557812511681
-0.24725235539819038
-0.15187590447442745
0.030150030683820998
-0.128096601556731
-0.03496314110285735
-0.021552323685421867
-0.32137879026725225
0.09489627515543357
0.15534891001026566
0.14570709625823308
0.08358438606741324
-0.13816725331730498
-0.2495498123119291
0.04305030817512241
-0.08267673612948963
-0.0034717703050711167
0.140893012011864
-0.22672279446984375
0.21358918467100654
-0.12401923871024657
0.196772787955897
-0.17882443146705607
-0.1695114019309875
0.02396592172655404
-0.122723879861995
0.1959764882284491
-0.042520934280961396
0.12728572337237712
-0.3930473409348941
-0.20817873781894905
0.23496554625692967
0.2758740694886185
-0.15996583572260742
-0.13987814627293524
0.12969638389397573
-0.29239125277865546
-0.060072233198317664
-0.22787915556629745
0.22888665099355984
-0.12526171900366403
0.16296612951742412
0.18345039508271235
-0.26437806750830806
-0.07392355139406484
0.061102304984161894
0.28627515283153243
0.14590256991606362
-0.04830668745062643
-0.0835166685218889
-0.244898534715695
-0.1693345737913373
0.04052746016417525
0.014494435085687244
0.07894069087666125
0.07003626169082748
0.028409993530257544
-0.07052693855139366
0.10619511815831366
0.09784475944153333
-0.018798633156267435
-0.08217348488995699
0.06325641060981634
0.013714139747641858
-0.04681953775796887
-0.04058671883176281
-0.11968154637439227
0.016383621539954533
-0.02511675390010809
-0.065907058281904
-0.05706022641948314
-0.06505904512999054
-0.13721523725370163
-0.0959732934520795
-0.11185496799776082
-0.06465325504589277
-0.058392679981468146
0.12479447299087405
0.05552021061632086
-0.0813422154687238
0.15104391522684127
-0.005627921193464638
-0.12055988126183406
0.1122105793601337
-0.04348892708532351
0.11349280914100689
-0.051124804969144046
-0.1287009105292909
0.11541165718558544
-0.13267134050631782
-0.2098578469218269
-0.07779050520652857
-0.06365697328278581
0.026946162724931597
-0.0033963455731077907
0.02443461703633558
0.14832628794861225
-0.005349745724572776
0.006908167037632929
0.08672854811846244
0.00860546292487857
0.0010528805248841268
0.04781978186692523
0.1592416525032503
0.041966464914812755
0.022014067972756755
0.05165164036641303
-0.039367437357046946
-0.056151290217138584
0.11528790274959637
0.03098183102897954
-0.01041693228772928
-0.15725164094388638
0.12559153060219178
-0.011680449867622539
-0.0951522907672761
-0.11675179363153101
-0.07267647216763196
-0.07663120366616158
0.14316898369321124
0.0531204016151418
0.07578998472614268
-0.06930604891005838
-0.1771420115899848
0.08426149890709889
-0.1323913471476613
0.01385864027092158
0.04113957736169635
0.015292508069009775
0.021126322805677538
-0.18043329371943798
0.13427562581459634
-0.07547117001251613
0.05297422340802832
-0.08096325410927155
-0.27779385079245217
0.11301632083945157
-0.01938656519202669
-0.06350300900659714
-0.06797978386731855
-0.38989834931633444
-0.009862928740639227
-0.046656577894292305
-0.14552535832098715
-0.007444306468641946
0.20728447712207723
-0.04400811740068671
0.13573146545364514
-0.13504201064342186
-0.16896674594764996
0.06916006644878492
-0.25062362114947173
0.2647703261316193
-0.21183829463278153
-0.03806705468153298
-0.11106787175639117
0.001883470715246756
0.05872417580490394
0.011843646183930563
-0.03368117789301944
-0.035276858416851645
-0.19562808568072185
-0.020704145361200407
-0.06039918940992356
-0.025987142996120052
-0.02486422415595657
-0.08292334630480502
0.03612798008840133
0.06960307925419197
-0.10977421771132624
-0.08912974064525105
0.0026749411103351136
0.14143564671006745
-0.036861360580220257
-0.18942192198101962
-0.027213617093819406
-0.009364793764655741
-0.11407670653731618
-0.054514358576335305
0.050443906772726685
-0.19320051146514805
-0.07463839041434213
0.3408487357511378
0.005863001413400492
-0.009279108470780718
0.2511556777407654
-0.22670849664114776
-0.10668874500610694
-0.08904927726803759
0.1426180753737155
-0.23550874483800513
0.006015076820691237
-0.08330585918843905
0.10623646725165051
0.09792621328191511
0.2532040046697707
0.13067405954960468
-0.14683197167619177
-0.10492431791602994
0.0016870773144933922
0.021664734213398634
0.10413566886202248
-0.07244187747766814
-0.011115697531377372
-0.029655136726749867
0.29124889232063295
-0.09353736867772064
0.15089644482917147
0.24373677386130602
0.37320166866849946
-0.13362708276865964
0.08905356033245501
0.26841630535711986
-0.28495490608289076
0.37479078420894
0.17818535218223774
0.03228149310422539
-0.18697975248065835
0.1519818326955109
0.10511768521070006
-0.19326600408171915
-0.23241764870053797
0.2535496231905503
-0.06922596776647533
0.13251103609463502
-0.09576035164385431
0.09432270074442446
0.03844213640487702
-0.07621812670972634
0.2823153717197426
0.31324102227762685
0.17218182226849696
0.23738724625897564
-0.23521495885723934
-0.012473915254029008
-0.24325058778991326
-0.03559954725479883
0.2565220481253877
0.1123215235481171
0.16188803449755684
0.11869773971749709
0.11061109913487013
-0.022207118463494376
0.0912125296022136
0.011761286676631696
0.0638852677070544
0.19966624945913794
0.05275632438306028
0.09309491886379327
0.0966501062269397
-0.11837332148944436
0.09563151070039805
-0.3943759824978674
-0.28518733253304057
-0.13694935401112743
-0.04767032379622529
-0.1407567085955734
0.1468765814368079
0.11436878462039837
-0.062499612369291274
0.17081116202212795
0.15562176406245554
0.21595900246036273
0.11353880175740305
0.12749511784313652
-0.21485104605882074
0.057803291220521524
0.2880559220097427
-0.28785589158174785
-0.04890694079380589
-0.27370454562411933
-0.040490304472312125
-0.03757110388911099
0.26838817264298903
0.12670152828631487
-0.1444294336413708
-0.1404203567837676
0.23798516929311697
0.4313145514469137
0.03027289989939019
-0.2453682425587418
-0.1611562768669555
-0.10438557758939677
0.4812327923672343
0.07761967683828076
-0.1785703992526532
-0.12926608161303385
0.14895618981657907
0.10946008732467459
-0.1082680025277436
0.27743813154383007
0.2880409362371145
0.04484730377867804
-0.26582312758494964
0.08809718174947646
0.2789291715830573
0.38985380794574626
0.23140246453982224
0.06905180726394189
0.2202146312095987
-0.15467585537788475
0.10350610712310786
-0.1464915491088435
0.2775835308671937
-0.4363523999588908
0.02497086429199029
0.1712216672755734
-0.26202340672852703
0.001272107727193663
0.08295909090421284
-0.20549872308339578
-0.4670042132830484
0.002638559934523815
-0.014827534590971435
0.012279399103071752
0.015152182834021493
0.003839025852858033
2.283756045691042e-05
0.0017107577595897338
-0.00014468665182843616
-0.00863567351582466
-0.013131537065372371
0.004731400437025091
-0.009628200440624816
-0.005189738097427882
0.009849142654049264
0.006334665618994892
0.005619771381744525
0.020557420012630407
0.37285769760311716
-0.15806040834571952
-0.2577468617861328
-0.24686619761159692
-0.22877053425083824
-0.32324690724739646
-0.2041063514270149
-0.4896173973518264
-0.04309107087471126
0.03714647195368863
0.28357030688928847
-0.3365578753185483
-0.2761111855163059
-0.4792190085091807
-0.5432965183071552
0.11155587130242306
0.1960416255143041
-0.31652289463386213
-0.16012552008093223
-0.24660055315626636
0.05277989118635535
-0.6767324346221522
-0.8774203298912786
-0.2842426180673209
-0.4447441996454648
-0.8524363069718679
-0.3291577326755735
-0.9153360698605221
-0.9095555535580411
-0.5798103034264723
-1.219914011215585
0.19729415572488684
0.17496278725585832
0.08614898181347722
-0.3658356015376911
0.19712488602861675
0.16627333864811542
-0.3202736507539611
0.1769051638848833
0.2307331607742196
-0.4904689904361121
0.0846273435287695
-0.29067534916927035
-0.3369090168948109
-0.23536928894433307
-0.3992646252706747
0.17967631701910639
0.03996223094538063
0.16704155864995884
0.08188395363962636
-0.2249255303902254
0.3091142823960742
0.14094528479223262
0.3016798825878634
-0.3309744099810952
0.012601532297763576
-0.05846380817036946
-0.19384429203306536
-0.5088138924241665
-0.49374213106140447
-0.6092080107120036
0.033476445223591444
-0.5328414259044973
0.15087759398377304
0.3047637837525593
0.20984266169931468
0.029117568288603055
0.27277354329862025
0.5079029220185698
-0.19272899901497004
0.4033033828350913
0.17203109195364563
-0.022815978413523976
0.03486771831540071
0.6736320346527888
0.07262215886795965
0.6453927700605769
0.4898421060904149
0.2813981175472277
-0.15415791776785442
0.25733710042934643
0.44283338952169393
-0.09698422830405962
0.18688531372017475
-0.014422029436636454
-0.1974074206520492
0.06345260626087527
-0.022286488117390188
0.22211646134436644
0.2001800928331508
0.7257423138494967
0.5625626903778648
0.7520062695585381
0.4194219764612096
0.08966388394726518
0.05031540137230876
-0.2101752355744702
-0.08836378152180838
0.1180204866136481
-0.41578056970071947
-0.23396961980666478
0.3068412119515315
0.04024699176313631
0.277147675499446
-0.3673129142406745
-0.1933524376785449
-0.2894115879064147
-0.02230501635582742
-0.023924078458574694
0.2345521393381033
0.1593295162805229
0.35421596159525237
0.07071517754211941
0.25024543006268624
-0.3156292117544631
0.34777437897059316
0.40832690226173146
-0.21639456996139197
-0.13047415408478488
0.0608618272412806
0.38538917699313335
-0.02534700244204569
0.4092291971030708
0.2988368595953253
0.621251232626635
0.8322737186392676
-0.008791982853806432
-0.19358690916777363
0.06273029094086613
-0.4963913753960468
-0.5079734244422399
0.13396381370893956
-0.32529018140243804
-0.3982980336731852
-0.15125473900946276
-0.5955182366847833
-0.22595529837316067
-0.9092929905434887
-0.1702823663871948
-0.4053684822492906
-0.44887109858777346
-1.100504400362777
-1.0298952485595667
0.18000989219906205
-0.03775339096276744
-0.4925726772257031
-0.34103306615186213
-0.3841577103655486
0.035094690481241
-0.5613744550522746
-0.5217839997310441
-0.4324276825059599
-0.1964838425590453
-0.5491928022484096
0.0024381674586782666
-0.15241431450051723
-0.7712839437025855
-0.4763452812752257
-0.6383309499953772
-0.06973173151740664
-0.23869930942444717
-0.3644454415502062
-0.39447548126143755
-0.23329311908114353
-0.262561267564814
-0.12736385312001566
0.15056292118602518
0.20235935786098447
0.27142271138039065
0.2696124708693637
-0.20340459289823065
0.28274725310385396
-0.00919599366471765
0.027302367598848177
-0.20492230943945847
0.0463219650083348
0.09610050365829469
-0.006266744782829759
0.4622754103667462
0.5217688545637219
0.5782932358556341
0.26598505608567624
0.42056064815259386
0.6066820762166849
0.18858097033200236
0.3046374492767793
0.3988352786897051
-0.08791590944746143
0.7160521596769012
0.3583723366753951
0.5211750097434243
-0.13872042770219647
-0.04859953834252748
0.39669184538724883
0.25595030808480135
0.32683006202571263
0.07793284692192338
0.4478544274046129
0.4741146589896193
-0.11289354169317935
0.08029237463426168
-0.20517058654769227
0.49733288690183414
0.16727461495297638
-0.26059334393343664
0.17862844506472952
0.339508690081442
0.3560287683268615
-0.3888693375057408
-0.26563164244004894
0.40016009520400775
0.2586054660720568
0.3994862510307219
0.23282914686957895
0.08246081294579444
0.5412548885374071
0.20069220613655456
-0.19353102644640116
0.27165504965915444
0.22349223671625582
0.05504390417889994
0.6807353473294225
0.3969098842251224
-0.1931321866026187
0.14910400777143623
0.13226460125406053
-0.3744785213110442
-0.09968437212795872
-0.340821009591812
-0.3717022716291472
0.09890578781487347
0.11438406017580942
-0.04591443041342823
-0.5090378286408652
-0.11443985502306174
-0.17244246104289096
-0.4117055280705557
-0.5255905300173073
-0.38797470144363405
-0.19526289021904397
0.15055285087721504
0.2368255526185745
-0.4403856337720724
-0.5620051860518464
-0.28569823877144285
-0.28990801897373747
-0.07737197709778998
-0.15814584835547063
-0.2720549362636204
-0.056407097931554975
-0.3744241664191363
-0.5088973115645944
-0.08195516623057801
-0.8272304457680657
-0.5929945840717717
-0.020329136547742266
-0.1168192103720388
-0.02851570983414974
-0.03188671859641763
0.0585259657990731
0.06292957535030255
-0.006343586488478025
0.05159960254032041
-0.09780367906793849
-0.06071141302049863
0.021992065178279844
0.05008909966792768
0.01783076945483076
0.04172425375068364
-0.06078916095782532
-0.05564211675860939
-0.06295177781024965
0.17179453849146992
-0.34728509403107827
-0.5171646193357153
-0.22229949762634407
-0.038913969475213604
-0.16564558976984095
-0.579114652387658
0.07230827152882839
0.028979358581992316
-0.41463833910042036
-0.8383924803958341
-0.16982682906842214
-0.784070178614972
0.07955472472858624
-0.23373739958289044
0.19171600268366354
0.46179275416228976
0.04918309308194625
-0.31841390787369006
0.3882218008875883
-0.2805834220314322
0.44729695102366673
-0.39128570244442024
0.17016183814610064
0.30839539115641007
0.17510305334114992
-0.033130594304385565
-0.30674039535142605
0.4446718483310546
-0.6147354320959098
-0.4549756612781334
-0.5034392948367231
-0.18164479378567006
0.42308705869314817
0.31496827294590934
-0.4412787289371141
-0.5111192406232649
0.22997460237191827
0.372474225489512
0.252193333236971
0.3448166727698381
-0.5032004484566424
0.3757226404170249
0.33660534007476794
0.24040592075336076
-0.5898890087797739
0.31301486058542793
0.04482071384369631
0.12342961823026358
-0.2636602917686225
0.16076673549947923
-0.7628154175356214
-0.7087059828882648
-0.5261753167745667
-0.4236603362354264
0.05533595054477982
-0.08936338251566923
0.06641235990855196
-0.6123912347296653
-0.800531063108849
-0.3479606582402009
0.08992355428278288
0.21620426954980138
-0.5566339009204713
-0.12074126433494956
-0.17583100835945167
-0.48853606441047653
